Num|nm|Kind|Slot|Race|Class|Damage|Delay|Range|Ac|ReqStr|ReqSta|ReqDex|ReqIntel|ReqCha|StrB|StaB|DexB|IntelB|ChaB|MaxHpB|MaxMpB|FireR|ColdR|LightningR|MagicR|PoisonR|CurseR|DaggerAc|SwordAc|MaceAc|AxeAc|SpearAc|BowAc|Hitrate|Evasionrate|ItemClass|ReqLevelMax|Countable|Weight|Duration
206005000|Chitin Shell Boots (+0)|210|9|0|6|0|100|0|60|164|88|0|0|0|0|0|0|0|0|0|0|0|0|0|0|0|0|0|0|0|0|0|0|0|0|3|99|0|72|15625
206005100|Chitin Shell Boots (+0)|210|9|0|6|0|100|0|74|180|88|0|0|0|0|0|0|0|0|0|0|0|0|0|0|0|0|0|0|0|0|0|0|0|0|3|115|0|72|23625
216005000|Chitin Shell Boots (+0)|210|9|0|6|0|100|0|60|164|88|0|0|0|0|0|0|0|0|0|0|0|0|0|0|0|0|0|0|0|0|0|0|0|0|4|99|0|72|15625
216005100|Chitin Shell Boots (+0)|210|9|0|6|0|100|0|85|178|88|0|0|0|0|0|0|18|0|0|0|0|0|0|0|0|0|0|0|0|0|0|0|0|0|4|117|0|72|22625
216005200|Chitin Shell Boots (+0)|210|9|0|6|0|100|0|98|162|88|0|0|0|0|0|0|0|0|0|0|0|0|0|0|0|0|0|0|0|0|0|0|0|0|4|99|0|72|23625
206005003|Chitin Shell Boots (+3)|210|9|0|6|0|100|0|64|168|88|0|0|0|0|0|0|0|0|0|0|0|0|0|0|0|0|0|0|0|0|0|0|0|0|3|103|0|72|17625
206005503|Chitin Shell Boots (+3)|210|9|0|6|0|100|0|64|168|88|0|0|0|0|4|0|0|0|0|0|0|0|0|0|0|0|0|0|0|0|0|0|0|0|3|103|0|72|17625
216005003|Chitin Shell Boots (+3)|210|9|0|6|0|100|0|75|176|88|0|0|0|13|0|0|0|0|0|0|0|0|0|0|0|0|0|0|0|0|0|0|0|0|4|103|0|72|21625
216005103|Chitin Shell Boots (+3)|210|9|0|6|0|100|0|89|180|88|0|0|0|0|0|0|20|0|0|0|0|0|0|0|0|0|0|0|0|0|0|0|0|0|4|103|0|72|23625
216005203|Chitin Shell Boots (+3)|210|9|0|6|0|100|0|102|160|88|0|0|0|0|0|0|0|0|0|0|0|0|0|0|0|0|0|0|0|0|0|0|0|0|4|87|0|72|24625
206005007|Chitin Shell Boots (+7)|210|9|0|6|0|100|0|73|176|88|0|0|0|0|0|0|0|0|0|0|0|0|0|0|0|0|0|0|0|0|0|0|0|0|3|111|0|72|21625
206005507|Chitin Shell Boots (+7)|210|9|0|6|0|100|0|73|176|88|0|0|0|0|12|0|0|0|0|0|0|0|0|0|0|0|0|0|0|0|0|0|0|0|3|111|0|72|21625
216005007|Chitin Shell Boots (+7)|210|9|0|6|0|100|0|80|178|88|0|0|0|16|0|0|0|0|0|0|0|0|0|0|0|0|0|0|0|0|0|0|0|0|4|111|0|72|22625
216005107|Chitin Shell Boots (+7)|210|9|0|6|0|100|0|94|180|88|0|0|0|0|0|0|22|0|0|0|0|0|0|0|0|0|0|0|0|0|0|0|0|0|4|111|0|72|23625
216005207|Chitin Shell Boots (+7)|210|9|0|6|0|100|0|108|156|88|0|0|0|0|0|0|0|0|0|0|0|0|0|0|0|0|0|0|0|0|0|0|0|0|4|95|0|72|24625
206005008|Chitin Shell Boots (+8)|210|9|0|6|0|100|0|78|178|88|0|0|0|0|0|0|0|0|0|0|0|0|0|0|0|0|0|0|0|0|0|0|0|0|3|113|0|72|22625
206005508|Chitin Shell Boots (+8)|210|9|0|6|0|100|0|78|178|88|0|0|0|0|15|0|0|0|0|0|0|0|0|0|0|0|0|0|0|0|0|0|0|0|3|113|0|72|22625
216005008|Chitin Shell Boots (+8)|210|9|0|6|0|100|0|82|178|88|0|0|0|16|0|0|0|0|0|0|0|0|0|0|0|0|0|0|0|0|0|0|0|0|4|113|0|72|22625
216005108|Chitin Shell Boots (+8)|210|9|0|6|0|100|0|95|180|88|0|0|0|0|0|0|22|0|0|0|0|0|0|0|0|0|0|0|0|0|0|0|0|0|4|113|0|72|23625
216005208|Chitin Shell Boots (+8)|210|9|0|6|0|100|0|109|155|88|0|0|0|0|0|0|0|0|0|0|0|0|0|0|0|0|0|0|0|0|0|0|0|0|4|97|0|72|24625
206004000|Chitin Shell Gauntlet (+0)|210|8|0|6|0|100|0|60|160|86|0|0|0|0|0|0|0|0|0|0|0|0|0|0|0|0|0|0|0|0|0|0|0|0|3|99|0|72|15625
206004100|Chitin Shell Gauntlet (+0)|210|8|0|6|0|100|0|74|176|86|0|0|0|0|0|0|0|0|0|0|0|0|0|0|0|0|0|0|0|0|0|0|0|0|3|115|0|72|23625
216004000|Chitin Shell Gauntlet (+0)|210|8|0|6|0|100|0|60|160|86|0|0|0|0|0|0|0|0|0|0|0|0|0|0|0|0|0|0|0|0|0|0|0|0|4|99|0|72|15625
216004100|Chitin Shell Gauntlet (+0)|210|8|0|6|0|100|0|85|174|86|0|0|0|0|0|0|18|0|0|0|0|0|0|0|0|0|0|0|0|0|0|0|0|0|4|117|0|72|22625
216004200|Chitin Shell Gauntlet (+0)|210|8|0|6|0|100|0|98|158|86|0|0|0|0|0|0|0|0|0|0|0|0|0|0|0|0|0|0|0|0|0|0|0|0|4|99|0|72|23625
206004003|Chitin Shell Gauntlet (+3)|210|8|0|6|0|100|0|64|164|86|0|0|0|0|0|0|0|0|0|0|0|0|0|0|0|0|0|0|0|0|0|0|0|0|3|103|0|72|17625
206004503|Chitin Shell Gauntlet (+3)|210|8|0|6|0|100|0|64|164|86|0|0|0|0|4|0|0|0|0|0|0|0|0|0|0|0|0|0|0|0|0|0|0|0|3|103|0|72|17625
216004003|Chitin Shell Gauntlet (+3)|210|8|0|6|0|100|0|75|172|86|0|0|0|13|0|0|0|0|0|0|0|0|0|0|0|0|0|0|0|0|0|0|0|0|4|103|0|72|21625
216004103|Chitin Shell Gauntlet (+3)|210|8|0|6|0|100|0|89|176|86|0|0|0|0|0|0|20|0|0|0|0|0|0|0|0|0|0|0|0|0|0|0|0|0|4|103|0|72|23625
216004203|Chitin Shell Gauntlet (+3)|210|8|0|6|0|100|0|102|156|86|0|0|0|0|0|0|0|0|0|0|0|0|0|0|0|0|0|0|0|0|0|0|0|0|4|87|0|72|24625
206004007|Chitin Shell Gauntlet (+7)|210|8|0|6|0|100|0|73|172|86|0|0|0|0|0|0|0|0|0|0|0|0|0|0|0|0|0|0|0|0|0|0|0|0|3|111|0|72|21625
206004507|Chitin Shell Gauntlet (+7)|210|8|0|6|0|100|0|73|172|86|0|0|0|0|12|0|0|0|0|0|0|0|0|0|0|0|0|0|0|0|0|0|0|0|3|111|0|72|21625
216004007|Chitin Shell Gauntlet (+7)|210|8|0|6|0|100|0|80|174|86|0|0|0|16|0|0|0|0|0|0|0|0|0|0|0|0|0|0|0|0|0|0|0|0|4|111|0|72|22625
216004107|Chitin Shell Gauntlet (+7)|210|8|0|6|0|100|0|94|176|86|0|0|0|0|0|0|22|0|0|0|0|0|0|0|0|0|0|0|0|0|0|0|0|0|4|111|0|72|23625
216004207|Chitin Shell Gauntlet (+7)|210|8|0|6|0|100|0|108|152|86|0|0|0|0|0|0|0|0|0|0|0|0|0|0|0|0|0|0|0|0|0|0|0|0|4|95|0|72|24625
206004008|Chitin Shell Gauntlet (+8)|210|8|0|6|0|100|0|78|174|86|0|0|0|0|0|0|0|0|0|0|0|0|0|0|0|0|0|0|0|0|0|0|0|0|3|113|0|72|22625
206004508|Chitin Shell Gauntlet (+8)|210|8|0|6|0|100|0|78|174|86|0|0|0|0|15|0|0|0|0|0|0|0|0|0|0|0|0|0|0|0|0|0|0|0|3|113|0|72|22625
216004008|Chitin Shell Gauntlet (+8)|210|8|0|6|0|100|0|82|174|86|0|0|0|16|0|0|0|0|0|0|0|0|0|0|0|0|0|0|0|0|0|0|0|0|4|113|0|72|22625
216004108|Chitin Shell Gauntlet (+8)|210|8|0|6|0|100|0|95|176|86|0|0|0|0|0|0|22|0|0|0|0|0|0|0|0|0|0|0|0|0|0|0|0|0|4|113|0|72|23625
216004208|Chitin Shell Gauntlet (+8)|210|8|0|6|0|100|0|109|151|86|0|0|0|0|0|0|0|0|0|0|0|0|0|0|0|0|0|0|0|0|0|0|0|0|4|97|0|72|24625
206003000|Chitin Shell Helmet (+0)|210|7|0|6|0|100|0|89|168|90|0|0|0|0|0|0|0|0|0|0|0|0|0|0|0|0|0|0|0|0|0|0|0|0|3|99|0|108|15625
206003100|Chitin Shell Helmet (+0)|210|7|0|6|0|100|0|111|184|90|0|0|0|0|0|0|0|0|0|0|0|0|0|0|0|0|0|0|0|0|0|0|0|0|3|115|0|108|23625
216003000|Chitin Shell Helmet (+0)|210|7|0|6|0|100|0|89|168|90|0|0|0|0|0|0|0|0|0|0|0|0|0|0|0|0|0|0|0|0|0|0|0|0|4|99|0|108|15625
216003100|Chitin Shell Helmet (+0)|210|7|0|6|0|100|0|124|182|90|0|0|0|0|0|0|18|0|0|0|0|0|0|0|0|0|0|0|0|0|0|0|0|0|4|117|0|108|22625
216003200|Chitin Shell Helmet (+0)|210|7|0|6|0|100|0|139|166|90|0|0|0|0|0|0|0|0|0|0|0|0|0|0|0|0|0|0|0|0|0|0|0|0|4|99|0|108|23625
206003003|Chitin Shell Helmet (+3)|210|7|0|6|0|100|0|95|172|90|0|0|0|0|0|0|0|0|0|0|0|0|0|0|0|0|0|0|0|0|0|0|0|0|3|103|0|108|17625
206003503|Chitin Shell Helmet (+3)|210|7|0|6|0|100|0|95|172|90|0|0|0|0|4|0|0|0|0|0|0|0|0|0|0|0|0|0|0|0|0|0|0|0|3|103|0|108|17625
216003003|Chitin Shell Helmet (+3)|210|7|0|6|0|100|0|112|180|90|0|0|0|13|0|0|0|0|0|0|0|0|0|0|0|0|0|0|0|0|0|0|0|0|4|103|0|108|21625
216003103|Chitin Shell Helmet (+3)|210|7|0|6|0|100|0|129|184|90|0|0|0|0|0|0|20|0|0|0|0|0|0|0|0|0|0|0|0|0|0|0|0|0|4|103|0|108|23625
216003203|Chitin Shell Helmet (+3)|210|7|0|6|0|100|0|144|164|90|0|0|0|0|0|0|0|0|0|0|0|0|0|0|0|0|0|0|0|0|0|0|0|0|4|87|0|108|24625
206003007|Chitin Shell Helmet (+7)|210|7|0|6|0|100|0|109|180|90|0|0|0|0|0|0|0|0|0|0|0|0|0|0|0|0|0|0|0|0|0|0|0|0|3|111|0|108|21625
206003507|Chitin Shell Helmet (+7)|210|7|0|6|0|100|0|109|180|90|0|0|0|0|12|0|0|0|0|0|0|0|0|0|0|0|0|0|0|0|0|0|0|0|3|111|0|108|21625
216003007|Chitin Shell Helmet (+7)|210|7|0|6|0|100|0|119|182|90|0|0|0|16|0|0|0|0|0|0|0|0|0|0|0|0|0|0|0|0|0|0|0|0|4|111|0|108|22625
216003107|Chitin Shell Helmet (+7)|210|7|0|6|0|100|0|135|184|90|0|0|0|0|0|0|22|0|0|0|0|0|0|0|0|0|0|0|0|0|0|0|0|0|4|111|0|108|23625
216003207|Chitin Shell Helmet (+7)|210|7|0|6|0|100|0|150|160|90|0|0|0|0|0|0|0|0|0|0|0|0|0|0|0|0|0|0|0|0|0|0|0|0|4|95|0|108|24625
206003008|Chitin Shell Helmet (+8)|210|7|0|6|0|100|0|116|182|90|0|0|0|0|0|0|0|0|0|0|0|0|0|0|0|0|0|0|0|0|0|0|0|0|3|113|0|108|22625
206003508|Chitin Shell Helmet (+8)|210|7|0|6|0|100|0|116|182|90|0|0|0|0|15|0|0|0|0|0|0|0|0|0|0|0|0|0|0|0|0|0|0|0|3|113|0|108|22625
216003008|Chitin Shell Helmet (+8)|210|7|0|6|0|100|0|121|182|90|0|0|0|16|0|0|0|0|0|0|0|0|0|0|0|0|0|0|0|0|0|0|0|0|4|113|0|108|22625
216003108|Chitin Shell Helmet (+8)|210|7|0|6|0|100|0|136|184|90|0|0|0|0|0|0|22|0|0|0|0|0|0|0|0|0|0|0|0|0|0|0|0|0|4|113|0|108|23625
216003208|Chitin Shell Helmet (+8)|210|7|0|6|0|100|0|151|159|90|0|0|0|0|0|0|0|0|0|0|0|0|0|0|0|0|0|0|0|0|0|0|0|0|4|97|0|108|24625
206002000|Chitin Shell Pads (+0)|210|6|0|6|0|100|0|119|172|92|0|0|0|0|0|0|0|0|0|0|0|0|0|0|0|0|0|0|0|0|0|0|0|0|3|99|0|144|15625
206002100|Chitin Shell Pads (+0)|210|6|0|6|0|100|0|149|188|92|0|0|0|0|0|0|0|0|0|0|0|0|0|0|0|0|0|0|0|0|0|0|0|0|3|115|0|144|23625
216002000|Chitin Shell Pads (+0)|210|6|0|6|0|100|0|119|172|92|0|0|0|0|0|0|0|0|0|0|0|0|0|0|0|0|0|0|0|0|0|0|0|0|4|99|0|144|15625
216002100|Chitin Shell Pads (+0)|210|6|0|6|0|100|0|164|186|92|0|0|0|0|0|0|18|0|0|0|0|0|0|0|0|0|0|0|0|0|0|0|0|0|4|117|0|144|22625
216002200|Chitin Shell Pads (+0)|210|6|0|6|0|100|0|185|170|92|0|0|0|0|0|0|0|0|0|0|0|0|0|0|0|0|0|0|0|0|0|0|0|0|4|99|0|144|23625
206002003|Chitin Shell Pads (+3)|210|6|0|6|0|100|0|127|176|92|0|0|0|0|0|0|0|0|0|0|0|0|0|0|0|0|0|0|0|0|0|0|0|0|3|103|0|144|17625
206002503|Chitin Shell Pads (+3)|210|6|0|6|0|100|0|127|176|92|0|0|0|0|4|0|0|0|0|0|0|0|0|0|0|0|0|0|0|0|0|0|0|0|3|103|0|144|17625
216002003|Chitin Shell Pads (+3)|210|6|0|6|0|100|0|149|184|92|0|0|0|13|0|0|0|0|0|0|0|0|0|0|0|0|0|0|0|0|0|0|0|0|4|103|0|144|21625
216002103|Chitin Shell Pads (+3)|210|6|0|6|0|100|0|171|188|92|0|0|0|0|0|0|20|0|0|0|0|0|0|0|0|0|0|0|0|0|0|0|0|0|4|103|0|144|23625
216002203|Chitin Shell Pads (+3)|210|6|0|6|0|100|0|191|168|92|0|0|0|0|0|0|0|0|0|0|0|0|0|0|0|0|0|0|0|0|0|0|0|0|4|87|0|144|24625
206002007|Chitin Shell Pads (+7)|210|6|0|6|0|100|0|145|184|92|0|0|0|0|0|0|0|0|0|0|0|0|0|0|0|0|0|0|0|0|0|0|0|0|3|111|0|144|21625
206002507|Chitin Shell Pads (+7)|210|6|0|6|0|100|0|145|184|92|0|0|0|0|12|0|0|0|0|0|0|0|0|0|0|0|0|0|0|0|0|0|0|0|3|111|0|144|21625
216002007|Chitin Shell Pads (+7)|210|6|0|6|0|100|0|158|186|92|0|0|0|16|0|0|0|0|0|0|0|0|0|0|0|0|0|0|0|0|0|0|0|0|4|111|0|144|22625
216002107|Chitin Shell Pads (+7)|210|6|0|6|0|100|0|179|188|92|0|0|0|0|0|0|22|0|0|0|0|0|0|0|0|0|0|0|0|0|0|0|0|0|4|111|0|144|23625
216002207|Chitin Shell Pads (+7)|210|6|0|6|0|100|0|199|164|92|0|0|0|0|0|0|0|0|0|0|0|0|0|0|0|0|0|0|0|0|0|0|0|0|4|95|0|144|24625
206002008|Chitin Shell Pads (+8)|210|6|0|6|0|100|0|154|186|92|0|0|0|0|0|0|0|0|0|0|0|0|0|0|0|0|0|0|0|0|0|0|0|0|3|113|0|144|22625
206002508|Chitin Shell Pads (+8)|210|6|0|6|0|100|0|154|186|92|0|0|0|0|15|0|0|0|0|0|0|0|0|0|0|0|0|0|0|0|0|0|0|0|3|113|0|144|22625
216002008|Chitin Shell Pads (+8)|210|6|0|6|0|100|0|160|186|92|0|0|0|16|0|0|0|0|0|0|0|0|0|0|0|0|0|0|0|0|0|0|0|0|4|113|0|144|22625
216002108|Chitin Shell Pads (+8)|210|6|0|6|0|100|0|181|188|92|0|0|0|0|0|0|22|0|0|0|0|0|0|0|0|0|0|0|0|0|0|0|0|0|4|113|0|144|23625
216002208|Chitin Shell Pads (+8)|210|6|0|6|0|100|0|201|163|92|0|0|0|0|0|0|0|0|0|0|0|0|0|0|0|0|0|0|0|0|0|0|0|0|4|97|0|144|24625
206001000|Chitin Shell Pauldron (+0)|210|5|0|6|0|100|0|149|176|94|0|0|0|0|0|0|0|0|0|0|0|0|0|0|0|0|0|0|0|0|0|0|0|0|3|99|0|180|15625
206001100|Chitin Shell Pauldron (+0)|210|5|0|6|0|100|0|179|192|94|0|0|0|0|0|0|0|0|0|0|0|0|0|0|0|0|0|0|0|0|0|0|0|0|3|115|0|180|23625
216001000|Chitin Shell Pauldron (+0)|210|5|0|6|0|100|0|149|176|94|0|0|0|0|0|0|0|0|0|0|0|0|0|0|0|0|0|0|0|0|0|0|0|0|4|99|0|180|15625
216001100|Chitin Shell Pauldron (+0)|210|5|0|6|0|100|0|194|190|94|0|0|0|0|0|0|18|0|0|0|0|0|0|0|0|0|0|0|0|0|0|0|0|0|4|117|0|180|22625
216001200|Chitin Shell Pauldron (+0)|210|5|0|6|0|100|0|215|174|94|0|0|0|0|0|0|0|0|0|0|0|0|0|0|0|0|0|0|0|0|0|0|0|0|4|99|0|180|23625
206001003|Chitin Shell Pauldron (+3)|210|5|0|6|0|100|0|157|180|94|0|0|0|0|0|0|0|0|0|0|0|0|0|0|0|0|0|0|0|0|0|0|0|0|3|103|0|180|17625
206001503|Chitin Shell Pauldron (+3)|210|5|0|6|0|100|0|157|180|94|0|0|0|0|4|0|0|0|0|0|0|0|0|0|0|0|0|0|0|0|0|0|0|0|3|103|0|180|17625
216001003|Chitin Shell Pauldron (+3)|210|5|0|6|0|100|0|179|188|94|0|0|0|13|0|0|0|0|0|0|0|0|0|0|0|0|0|0|0|0|0|0|0|0|4|103|0|180|21625
216001103|Chitin Shell Pauldron (+3)|210|5|0|6|0|100|0|201|192|94|0|0|0|0|0|0|20|0|0|0|0|0|0|0|0|0|0|0|0|0|0|0|0|0|4|103|0|180|23625
216001203|Chitin Shell Pauldron (+3)|210|5|0|6|0|100|0|221|172|94|0|0|0|0|0|0|0|0|0|0|0|0|0|0|0|0|0|0|0|0|0|0|0|0|4|87|0|180|24625
206001007|Chitin Shell Pauldron (+7)|210|5|0|6|0|100|0|175|188|94|0|0|0|0|0|0|0|0|0|0|0|0|0|0|0|0|0|0|0|0|0|0|0|0|3|111|0|180|21625
206001507|Chitin Shell Pauldron (+7)|210|5|0|6|0|100|0|175|188|94|0|0|0|0|12|0|0|0|0|0|0|0|0|0|0|0|0|0|0|0|0|0|0|0|3|111|0|180|21625
216001007|Chitin Shell Pauldron (+7)|210|5|0|6|0|100|0|188|190|94|0|0|0|16|0|0|0|0|0|0|0|0|0|0|0|0|0|0|0|0|0|0|0|0|4|111|0|180|22625
216001107|Chitin Shell Pauldron (+7)|210|5|0|6|0|100|0|209|192|94|0|0|0|0|0|0|22|0|0|0|0|0|0|0|0|0|0|0|0|0|0|0|0|0|4|111|0|180|23625
216001207|Chitin Shell Pauldron (+7)|210|5|0|6|0|100|0|229|168|94|0|0|0|0|0|0|0|0|0|0|0|0|0|0|0|0|0|0|0|0|0|0|0|0|4|95|0|180|24625
206001008|Chitin Shell Pauldron (+8)|210|5|0|6|0|100|0|184|190|94|0|0|0|0|0|0|0|0|0|0|0|0|0|0|0|0|0|0|0|0|0|0|0|0|3|113|0|180|22625
206001508|Chitin Shell Pauldron (+8)|210|5|0|6|0|100|0|184|190|94|0|0|0|0|15|0|0|0|0|0|0|0|0|0|0|0|0|0|0|0|0|0|0|0|3|113|0|180|22625
216001008|Chitin Shell Pauldron (+8)|210|5|0|6|0|100|0|190|190|94|0|0|0|16|0|0|0|0|0|0|0|0|0|0|0|0|0|0|0|0|0|0|0|0|4|113|0|180|22625
216001108|Chitin Shell Pauldron (+8)|210|5|0|6|0|100|0|211|192|94|0|0|0|0|0|0|22|0|0|0|0|0|0|0|0|0|0|0|0|0|0|0|0|0|4|113|0|180|23625
216001208|Chitin Shell Pauldron (+8)|210|5|0|6|0|100|0|231|167|94|0|0|0|0|0|0|0|0|0|0|0|0|0|0|0|0|0|0|0|0|0|0|0|0|4|97|0|180|24625
310310007|Cleric Earring|91|10|0|0|0|100|0|15|0|0|0|0|0|0|0|0|5|0|50|40|10|10|10|10|10|0|0|0|0|0|0|0|0|0|8|99|0|0|1
266005000|Complete Boots (+0)|230|9|0|10|0|100|0|36|0|0|0|148|100|0|0|0|0|0|0|0|0|0|0|0|0|0|0|0|0|0|0|0|0|0|3|99|0|36|7813
266005100|Complete Boots (+0)|230|9|0|10|0|100|0|50|0|0|0|148|116|0|0|0|0|0|0|0|0|0|0|0|0|0|0|0|0|0|0|0|0|0|3|115|0|36|15813
276005000|Complete Boots (+0)|230|9|0|10|0|100|0|36|0|0|0|148|100|0|0|0|0|0|0|0|0|0|0|0|0|0|0|0|0|0|0|0|0|0|4|99|0|36|7813
276005100|Complete Boots (+0)|230|9|0|10|0|100|0|61|0|0|0|148|114|0|0|0|18|0|0|0|0|0|0|0|0|0|0|0|0|0|0|0|0|0|4|117|0|36|14813
276005200|Complete Boots (+0)|230|9|0|10|0|100|0|74|0|0|0|146|98|0|0|0|0|0|0|0|0|0|0|0|0|0|0|0|0|0|0|0|0|0|4|99|0|36|15813
266005003|Complete Boots (+3)|230|9|0|10|0|100|0|40|0|0|0|148|104|0|0|0|0|0|0|0|0|0|0|0|0|0|0|0|0|0|0|0|0|0|3|103|0|36|9813
266005503|Complete Boots (+3)|230|9|0|10|0|100|0|40|0|0|0|148|104|0|4|0|0|0|0|0|0|0|0|0|0|0|0|0|0|0|0|0|0|0|3|103|0|36|9813
276005003|Complete Boots (+3)|230|9|0|10|0|100|0|51|0|0|0|148|112|13|0|0|0|0|0|0|0|0|0|0|0|0|0|0|0|0|0|0|0|0|4|103|0|36|13813
276005103|Complete Boots (+3)|230|9|0|10|0|100|0|65|0|0|0|148|116|0|0|0|20|0|0|0|0|0|0|0|0|0|0|0|0|0|0|0|0|0|4|103|0|36|15813
276005203|Complete Boots (+3)|230|9|0|10|0|100|0|78|0|0|0|144|96|0|0|0|0|0|0|0|0|0|0|0|0|0|0|0|0|0|0|0|0|0|4|87|0|36|16813
266005007|Complete Boots (+7)|230|9|0|10|0|100|0|49|0|0|0|148|112|0|0|0|0|0|0|0|0|0|0|0|0|0|0|0|0|0|0|0|0|0|3|111|0|36|13813
266005507|Complete Boots (+7)|230|9|0|10|0|100|0|49|0|0|0|148|112|0|12|0|0|0|0|0|0|0|0|0|0|0|0|0|0|0|0|0|0|0|3|111|0|36|13813
276005007|Complete Boots (+7)|230|9|0|10|0|100|0|56|0|0|0|148|114|16|0|0|0|0|0|0|0|0|0|0|0|0|0|0|0|0|0|0|0|0|4|111|0|36|14813
276005107|Complete Boots (+7)|230|9|0|10|0|100|0|70|0|0|0|148|116|0|0|0|22|0|0|0|0|0|0|0|0|0|0|0|0|0|0|0|0|0|4|111|0|36|15813
276005207|Complete Boots (+7)|230|9|0|10|0|100|0|84|0|0|0|140|92|0|0|0|0|0|0|0|0|0|0|0|0|0|0|0|0|0|0|0|0|0|4|95|0|36|16813
266005008|Complete Boots (+8)|230|9|0|10|0|100|0|54|0|0|0|148|114|0|0|0|0|0|0|0|0|0|0|0|0|0|0|0|0|0|0|0|0|0|3|113|0|36|14813
266005508|Complete Boots (+8)|230|9|0|10|0|100|0|54|0|0|0|148|114|0|15|0|0|0|0|0|0|0|0|0|0|0|0|0|0|0|0|0|0|0|3|113|0|36|14813
276005008|Complete Boots (+8)|230|9|0|10|0|100|0|58|0|0|0|148|114|16|0|0|0|0|0|0|0|0|0|0|0|0|0|0|0|0|0|0|0|0|4|113|0|36|14813
276005108|Complete Boots (+8)|230|9|0|10|0|100|0|71|0|0|0|148|116|0|0|0|22|0|0|0|0|0|0|0|0|0|0|0|0|0|0|0|0|0|4|113|0|36|15813
276005208|Complete Boots (+8)|230|9|0|10|0|100|0|85|0|0|0|139|91|0|0|0|0|0|0|0|0|0|0|0|0|0|0|0|0|0|0|0|0|0|4|97|0|36|16813
266004000|Complete Glove (+0)|230|8|0|10|0|100|0|36|0|0|0|144|98|0|0|0|0|0|0|0|0|0|0|0|0|0|0|0|0|0|0|0|0|0|3|99|0|36|7813
266004100|Complete Glove (+0)|230|8|0|10|0|100|0|50|0|0|0|144|114|0|0|0|0|0|0|0|0|0|0|0|0|0|0|0|0|0|0|0|0|0|3|115|0|36|15813
276004000|Complete Glove (+0)|230|8|0|10|0|100|0|36|0|0|0|144|98|0|0|0|0|0|0|0|0|0|0|0|0|0|0|0|0|0|0|0|0|0|4|99|0|36|7813
276004100|Complete Glove (+0)|230|8|0|10|0|100|0|61|0|0|0|144|112|0|0|0|18|0|0|0|0|0|0|0|0|0|0|0|0|0|0|0|0|0|4|117|0|36|14813
276004200|Complete Glove (+0)|230|8|0|10|0|100|0|74|0|0|0|142|96|0|0|0|0|0|0|0|0|0|0|0|0|0|0|0|0|0|0|0|0|0|4|99|0|36|15813
266004003|Complete Glove (+3)|230|8|0|10|0|100|0|40|0|0|0|144|102|0|0|0|0|0|0|0|0|0|0|0|0|0|0|0|0|0|0|0|0|0|3|103|0|36|9813
266004503|Complete Glove (+3)|230|8|0|10|0|100|0|40|0|0|0|144|102|0|4|0|0|0|0|0|0|0|0|0|0|0|0|0|0|0|0|0|0|0|3|103|0|36|9813
276004003|Complete Glove (+3)|230|8|0|10|0|100|0|51|0|0|0|144|110|13|0|0|0|0|0|0|0|0|0|0|0|0|0|0|0|0|0|0|0|0|4|103|0|36|13813
276004103|Complete Glove (+3)|230|8|0|10|0|100|0|65|0|0|0|144|114|0|0|0|20|0|0|0|0|0|0|0|0|0|0|0|0|0|0|0|0|0|4|103|0|36|15813
276004203|Complete Glove (+3)|230|8|0|10|0|100|0|78|0|0|0|140|94|0|0|0|0|0|0|0|0|0|0|0|0|0|0|0|0|0|0|0|0|0|4|87|0|36|16813
266004007|Complete Glove (+7)|230|8|0|10|0|100|0|49|0|0|0|144|110|0|0|0|0|0|0|0|0|0|0|0|0|0|0|0|0|0|0|0|0|0|3|111|0|36|13813
266004507|Complete Glove (+7)|230|8|0|10|0|100|0|49|0|0|0|144|110|0|12|0|0|0|0|0|0|0|0|0|0|0|0|0|0|0|0|0|0|0|3|111|0|36|13813
276004007|Complete Glove (+7)|230|8|0|10|0|100|0|56|0|0|0|144|112|16|0|0|0|0|0|0|0|0|0|0|0|0|0|0|0|0|0|0|0|0|4|111|0|36|14813
276004107|Complete Glove (+7)|230|8|0|10|0|100|0|70|0|0|0|144|114|0|0|0|22|0|0|0|0|0|0|0|0|0|0|0|0|0|0|0|0|0|4|111|0|36|15813
276004207|Complete Glove (+7)|230|8|0|10|0|100|0|84|0|0|0|136|90|0|0|0|0|0|0|0|0|0|0|0|0|0|0|0|0|0|0|0|0|0|4|95|0|36|16813
266004008|Complete Glove (+8)|230|8|0|10|0|100|0|54|0|0|0|144|112|0|0|0|0|0|0|0|0|0|0|0|0|0|0|0|0|0|0|0|0|0|3|113|0|36|14813
266004508|Complete Glove (+8)|230|8|0|10|0|100|0|54|0|0|0|144|112|0|15|0|0|0|0|0|0|0|0|0|0|0|0|0|0|0|0|0|0|0|3|113|0|36|14813
276004008|Complete Glove (+8)|230|8|0|10|0|100|0|58|0|0|0|144|112|16|0|0|0|0|0|0|0|0|0|0|0|0|0|0|0|0|0|0|0|0|4|113|0|36|14813
276004108|Complete Glove (+8)|230|8|0|10|0|100|0|71|0|0|0|144|114|0|0|0|22|0|0|0|0|0|0|0|0|0|0|0|0|0|0|0|0|0|4|113|0|36|15813
276004208|Complete Glove (+8)|230|8|0|10|0|100|0|85|0|0|0|135|89|0|0|0|0|0|0|0|0|0|0|0|0|0|0|0|0|0|0|0|0|0|4|97|0|36|16813
379238000|Complete Goblin Armor  (+0)|95|17|0|0|0|0|0|0|0|0|0|0|0|0|0|0|0|0|0|0|0|0|0|0|0|0|0|0|0|0|0|0|0|0|0|99|0|0|1
266003000|Complete Helmet (+0)|230|7|0|10|0|100|0|54|0|0|0|152|102|0|0|0|0|0|0|0|0|0|0|0|0|0|0|0|0|0|0|0|0|0|3|99|0|54|7813
266003100|Complete Helmet (+0)|230|7|0|10|0|100|0|76|0|0|0|152|118|0|0|0|0|0|0|0|0|0|0|0|0|0|0|0|0|0|0|0|0|0|3|115|0|54|15813
276003000|Complete Helmet (+0)|230|7|0|10|0|100|0|54|0|0|0|152|102|0|0|0|0|0|0|0|0|0|0|0|0|0|0|0|0|0|0|0|0|0|4|99|0|54|7813
276003100|Complete Helmet (+0)|230|7|0|10|0|100|0|89|0|0|0|152|116|0|0|0|18|0|0|0|0|0|0|0|0|0|0|0|0|0|0|0|0|0|4|117|0|54|14813
276003200|Complete Helmet (+0)|230|7|0|10|0|100|0|104|0|0|0|150|100|0|0|0|0|0|0|0|0|0|0|0|0|0|0|0|0|0|0|0|0|0|4|99|0|54|15813
266003003|Complete Helmet (+3)|230|7|0|10|0|100|0|60|0|0|0|152|106|0|0|0|0|0|0|0|0|0|0|0|0|0|0|0|0|0|0|0|0|0|3|103|0|54|9813
266003503|Complete Helmet (+3)|230|7|0|10|0|100|0|60|0|0|0|152|106|0|4|0|0|0|0|0|0|0|0|0|0|0|0|0|0|0|0|0|0|0|3|103|0|54|9813
276003003|Complete Helmet (+3)|230|7|0|10|0|100|0|77|0|0|0|152|114|13|0|0|0|0|0|0|0|0|0|0|0|0|0|0|0|0|0|0|0|0|4|103|0|54|13813
276003103|Complete Helmet (+3)|230|7|0|10|0|100|0|94|0|0|0|152|118|0|0|0|20|0|0|0|0|0|0|0|0|0|0|0|0|0|0|0|0|0|4|103|0|54|15813
276003203|Complete Helmet (+3)|230|7|0|10|0|100|0|109|0|0|0|148|98|0|0|0|0|0|0|0|0|0|0|0|0|0|0|0|0|0|0|0|0|0|4|87|0|54|16813
266003007|Complete Helmet (+7)|230|7|0|10|0|100|0|74|0|0|0|152|114|0|0|0|0|0|0|0|0|0|0|0|0|0|0|0|0|0|0|0|0|0|3|111|0|54|13813
266003507|Complete Helmet (+7)|230|7|0|10|0|100|0|74|0|0|0|152|114|0|12|0|0|0|0|0|0|0|0|0|0|0|0|0|0|0|0|0|0|0|3|111|0|54|13813
276003007|Complete Helmet (+7)|230|7|0|10|0|100|0|84|0|0|0|152|116|16|0|0|0|0|0|0|0|0|0|0|0|0|0|0|0|0|0|0|0|0|4|111|0|54|14813
276003107|Complete Helmet (+7)|230|7|0|10|0|100|0|100|0|0|0|152|118|0|0|0|22|0|0|0|0|0|0|0|0|0|0|0|0|0|0|0|0|0|4|111|0|54|15813
276003207|Complete Helmet (+7)|230|7|0|10|0|100|0|115|0|0|0|144|94|0|0|0|0|0|0|0|0|0|0|0|0|0|0|0|0|0|0|0|0|0|4|95|0|54|16813
266003008|Complete Helmet (+8)|230|7|0|10|0|100|0|81|0|0|0|152|116|0|0|0|0|0|0|0|0|0|0|0|0|0|0|0|0|0|0|0|0|0|3|113|0|54|14813
266003508|Complete Helmet (+8)|230|7|0|10|0|100|0|81|0|0|0|152|116|0|15|0|0|0|0|0|0|0|0|0|0|0|0|0|0|0|0|0|0|0|3|113|0|54|14813
276003008|Complete Helmet (+8)|230|7|0|10|0|100|0|86|0|0|0|152|116|16|0|0|0|0|0|0|0|0|0|0|0|0|0|0|0|0|0|0|0|0|4|113|0|54|14813
276003108|Complete Helmet (+8)|230|7|0|10|0|100|0|101|0|0|0|152|118|0|0|0|22|0|0|0|0|0|0|0|0|0|0|0|0|0|0|0|0|0|4|113|0|54|15813
276003208|Complete Helmet (+8)|230|7|0|10|0|100|0|116|0|0|0|143|93|0|0|0|0|0|0|0|0|0|0|0|0|0|0|0|0|0|0|0|0|0|4|97|0|54|16813
266002000|Complete Pants (+0)|230|6|0|10|0|100|0|72|0|0|0|156|104|0|0|0|0|0|0|0|0|0|0|0|0|0|0|0|0|0|0|0|0|0|3|99|0|72|7813
266002100|Complete Pants (+0)|230|6|0|10|0|100|0|102|0|0|0|156|120|0|0|0|0|0|0|0|0|0|0|0|0|0|0|0|0|0|0|0|0|0|3|115|0|72|15813
276002000|Complete Pants (+0)|230|6|0|10|0|100|0|72|0|0|0|156|104|0|0|0|0|0|0|0|0|0|0|0|0|0|0|0|0|0|0|0|0|0|4|99|0|72|7813
276002100|Complete Pants (+0)|230|6|0|10|0|100|0|117|0|0|0|156|118|0|0|0|18|0|0|0|0|0|0|0|0|0|0|0|0|0|0|0|0|0|4|117|0|72|14813
276002200|Complete Pants (+0)|230|6|0|10|0|100|0|138|0|0|0|154|102|0|0|0|0|0|0|0|0|0|0|0|0|0|0|0|0|0|0|0|0|0|4|99|0|72|15813
266002003|Complete Pants (+3)|230|6|0|10|0|100|0|80|0|0|0|156|108|0|0|0|0|0|0|0|0|0|0|0|0|0|0|0|0|0|0|0|0|0|3|103|0|72|9813
266002503|Complete Pants (+3)|230|6|0|10|0|100|0|80|0|0|0|156|108|0|4|0|0|0|0|0|0|0|0|0|0|0|0|0|0|0|0|0|0|0|3|103|0|72|9813
276002003|Complete Pants (+3)|230|6|0|10|0|100|0|102|0|0|0|156|116|13|0|0|0|0|0|0|0|0|0|0|0|0|0|0|0|0|0|0|0|0|4|103|0|72|13813
276002103|Complete Pants (+3)|230|6|0|10|0|100|0|124|0|0|0|156|120|0|0|0|20|0|0|0|0|0|0|0|0|0|0|0|0|0|0|0|0|0|4|103|0|72|15813
276002203|Complete Pants (+3)|230|6|0|10|0|100|0|144|0|0|0|152|100|0|0|0|0|0|0|0|0|0|0|0|0|0|0|0|0|0|0|0|0|0|4|87|0|72|16813
266002007|Complete Pants (+7)|230|6|0|10|0|100|0|98|0|0|0|156|116|0|0|0|0|0|0|0|0|0|0|0|0|0|0|0|0|0|0|0|0|0|3|111|0|72|13813
266002507|Complete Pants (+7)|230|6|0|10|0|100|0|98|0|0|0|156|116|0|12|0|0|0|0|0|0|0|0|0|0|0|0|0|0|0|0|0|0|0|3|111|0|72|13813
276002007|Complete Pants (+7)|230|6|0|10|0|100|0|111|0|0|0|156|118|16|0|0|0|0|0|0|0|0|0|0|0|0|0|0|0|0|0|0|0|0|4|111|0|72|14813
276002107|Complete Pants (+7)|230|6|0|10|0|100|0|132|0|0|0|156|120|0|0|0|22|0|0|0|0|0|0|0|0|0|0|0|0|0|0|0|0|0|4|111|0|72|15813
276002207|Complete Pants (+7)|230|6|0|10|0|100|0|152|0|0|0|148|96|0|0|0|0|0|0|0|0|0|0|0|0|0|0|0|0|0|0|0|0|0|4|95|0|72|16813
266002008|Complete Pants (+8)|230|6|0|10|0|100|0|107|0|0|0|156|118|0|0|0|0|0|0|0|0|0|0|0|0|0|0|0|0|0|0|0|0|0|3|113|0|72|14813
266002508|Complete Pants (+8)|230|6|0|10|0|100|0|107|0|0|0|156|118|0|15|0|0|0|0|0|0|0|0|0|0|0|0|0|0|0|0|0|0|0|3|113|0|72|14813
276002008|Complete Pants (+8)|230|6|0|10|0|100|0|113|0|0|0|156|118|16|0|0|0|0|0|0|0|0|0|0|0|0|0|0|0|0|0|0|0|0|4|113|0|72|14813
276002108|Complete Pants (+8)|230|6|0|10|0|100|0|134|0|0|0|156|120|0|0|0|22|0|0|0|0|0|0|0|0|0|0|0|0|0|0|0|0|0|4|113|0|72|15813
276002208|Complete Pants (+8)|230|6|0|10|0|100|0|154|0|0|0|147|95|0|0|0|0|0|0|0|0|0|0|0|0|0|0|0|0|0|0|0|0|0|4|97|0|72|16813
266001000|Complete Robe (+0)|230|5|0|10|0|100|0|89|0|0|0|160|106|0|0|0|0|0|0|0|0|0|0|0|0|0|0|0|0|0|0|0|0|0|3|99|0|90|7813
266001100|Complete Robe (+0)|230|5|0|10|0|100|0|119|0|0|0|160|122|0|0|0|0|0|0|0|0|0|0|0|0|0|0|0|0|0|0|0|0|0|3|115|0|90|15813
276001000|Complete Robe (+0)|230|5|0|10|0|100|0|89|0|0|0|160|106|0|0|0|0|0|0|0|0|0|0|0|0|0|0|0|0|0|0|0|0|0|4|99|0|90|7813
276001100|Complete Robe (+0)|230|5|0|10|0|100|0|134|0|0|0|160|120|0|0|0|18|0|0|0|0|0|0|0|0|0|0|0|0|0|0|0|0|0|4|117|0|90|14813
276001200|Complete Robe (+0)|230|5|0|10|0|100|0|155|0|0|0|158|104|0|0|0|0|0|0|0|0|0|0|0|0|0|0|0|0|0|0|0|0|0|4|99|0|90|15813
266001003|Complete Robe (+3)|230|5|0|10|0|100|0|97|0|0|0|160|110|0|0|0|0|0|0|0|0|0|0|0|0|0|0|0|0|0|0|0|0|0|3|103|0|90|9813
266001503|Complete Robe (+3)|230|5|0|10|0|100|0|97|0|0|0|160|110|0|4|0|0|0|0|0|0|0|0|0|0|0|0|0|0|0|0|0|0|0|3|103|0|90|9813
276001003|Complete Robe (+3)|230|5|0|10|0|100|0|119|0|0|0|160|118|13|0|0|0|0|0|0|0|0|0|0|0|0|0|0|0|0|0|0|0|0|4|103|0|90|13813
276001103|Complete Robe (+3)|230|5|0|10|0|100|0|141|0|0|0|160|122|0|0|0|20|0|0|0|0|0|0|0|0|0|0|0|0|0|0|0|0|0|4|103|0|90|15813
276001203|Complete Robe (+3)|230|5|0|10|0|100|0|161|0|0|0|156|102|0|0|0|0|0|0|0|0|0|0|0|0|0|0|0|0|0|0|0|0|0|4|87|0|90|16813
266001007|Complete Robe (+7)|230|5|0|10|0|100|0|115|0|0|0|160|118|0|0|0|0|0|0|0|0|0|0|0|0|0|0|0|0|0|0|0|0|0|3|111|0|90|13813
266001507|Complete Robe (+7)|230|5|0|10|0|100|0|115|0|0|0|160|118|0|12|0|0|0|0|0|0|0|0|0|0|0|0|0|0|0|0|0|0|0|3|111|0|90|13813
276001007|Complete Robe (+7)|230|5|0|10|0|100|0|128|0|0|0|160|120|16|0|0|0|0|0|0|0|0|0|0|0|0|0|0|0|0|0|0|0|0|4|111|0|90|14813
276001107|Complete Robe (+7)|230|5|0|10|0|100|0|149|0|0|0|160|122|0|0|0|22|0|0|0|0|0|0|0|0|0|0|0|0|0|0|0|0|0|4|111|0|90|15813
276001207|Complete Robe (+7)|230|5|0|10|0|100|0|169|0|0|0|152|98|0|0|0|0|0|0|0|0|0|0|0|0|0|0|0|0|0|0|0|0|0|4|95|0|90|16813
266001008|Complete Robe (+8)|230|5|0|10|0|100|0|124|0|0|0|160|120|0|0|0|0|0|0|0|0|0|0|0|0|0|0|0|0|0|0|0|0|0|3|113|0|90|14813
266001508|Complete Robe (+8)|230|5|0|10|0|100|0|124|0|0|0|160|120|0|15|0|0|0|0|0|0|0|0|0|0|0|0|0|0|0|0|0|0|0|3|113|0|90|14813
276001008|Complete Robe (+8)|230|5|0|10|0|100|0|130|0|0|0|160|120|16|0|0|0|0|0|0|0|0|0|0|0|0|0|0|0|0|0|0|0|0|4|113|0|90|14813
276001108|Complete Robe (+8)|230|5|0|10|0|100|0|151|0|0|0|160|122|0|0|0|22|0|0|0|0|0|0|0|0|0|0|0|0|0|0|0|0|0|4|113|0|90|15813
276001208|Complete Robe (+8)|230|5|0|10|0|100|0|171|0|0|0|151|97|0|0|0|0|0|0|0|0|0|0|0|0|0|0|0|0|0|0|0|0|0|4|97|0|90|16813
265005000|Crimson Boots (+0)|230|9|0|3|0|100|0|32|0|0|0|148|84|0|0|0|0|0|0|0|0|0|0|0|0|0|0|0|0|0|0|0|0|0|3|99|0|36|6250
265005100|Crimson Boots (+0)|230|9|0|3|0|100|0|46|0|0|0|148|100|0|0|0|0|0|0|0|0|0|0|0|0|0|0|0|0|0|0|0|0|0|3|115|0|36|14250
275005000|Crimson Boots (+0)|230|9|0|3|0|100|0|32|0|0|0|148|84|0|0|0|0|0|0|0|0|0|0|0|0|0|0|0|0|0|0|0|0|0|4|99|0|36|6250
275005100|Crimson Boots (+0)|230|9|0|3|0|100|0|57|0|0|0|148|98|0|0|0|18|0|0|0|0|0|0|0|0|0|0|0|0|0|0|0|0|0|4|117|0|36|13250
275005200|Crimson Boots (+0)|230|9|0|3|0|100|0|70|0|0|0|146|82|0|0|0|0|0|0|0|0|0|0|0|0|0|0|0|0|0|0|0|0|0|4|99|0|36|14250
265005003|Crimson Boots (+3)|230|9|0|3|0|100|0|36|0|0|0|148|88|0|0|0|0|0|0|0|0|0|0|0|0|0|0|0|0|0|0|0|0|0|3|103|0|36|8250
265005503|Crimson Boots (+3)|230|9|0|3|0|100|0|36|0|0|0|148|88|0|4|0|0|0|0|0|0|0|0|0|0|0|0|0|0|0|0|0|0|0|3|103|0|36|8250
275005003|Crimson Boots (+3)|230|9|0|3|0|100|0|47|0|0|0|148|96|13|0|0|0|0|0|0|0|0|0|0|0|0|0|0|0|0|0|0|0|0|4|103|0|36|12250
275005103|Crimson Boots (+3)|230|9|0|3|0|100|0|61|0|0|0|148|100|0|0|0|20|0|0|0|0|0|0|0|0|0|0|0|0|0|0|0|0|0|4|103|0|36|14250
275005203|Crimson Boots (+3)|230|9|0|3|0|100|0|74|0|0|0|144|80|0|0|0|0|0|0|0|0|0|0|0|0|0|0|0|0|0|0|0|0|0|4|87|0|36|15250
265005007|Crimson Boots (+7)|230|9|0|3|0|100|0|45|0|0|0|148|96|0|0|0|0|0|0|0|0|0|0|0|0|0|0|0|0|0|0|0|0|0|3|111|0|36|12250
265005507|Crimson Boots (+7)|230|9|0|3|0|100|0|45|0|0|0|148|96|0|12|0|0|0|0|0|0|0|0|0|0|0|0|0|0|0|0|0|0|0|3|111|0|36|12250
275005007|Crimson Boots (+7)|230|9|0|3|0|100|0|52|0|0|0|148|98|16|0|0|0|0|0|0|0|0|0|0|0|0|0|0|0|0|0|0|0|0|4|111|0|36|13250
275005107|Crimson Boots (+7)|230|9|0|3|0|100|0|66|0|0|0|148|100|0|0|0|22|0|0|0|0|0|0|0|0|0|0|0|0|0|0|0|0|0|4|111|0|36|14250
275005207|Crimson Boots (+7)|230|9|0|3|0|100|0|80|0|0|0|140|76|0|0|0|0|0|0|0|0|0|0|0|0|0|0|0|0|0|0|0|0|0|4|95|0|36|15250
265005008|Crimson Boots (+8)|230|9|0|3|0|100|0|50|0|0|0|148|98|0|0|0|0|0|0|0|0|0|0|0|0|0|0|0|0|0|0|0|0|0|3|113|0|36|13250
265005508|Crimson Boots (+8)|230|9|0|3|0|100|0|50|0|0|0|148|98|0|15|0|0|0|0|0|0|0|0|0|0|0|0|0|0|0|0|0|0|0|3|113|0|36|13250
275005008|Crimson Boots (+8)|230|9|0|3|0|100|0|54|0|0|0|148|98|16|0|0|0|0|0|0|0|0|0|0|0|0|0|0|0|0|0|0|0|0|4|113|0|36|13250
275005108|Crimson Boots (+8)|230|9|0|3|0|100|0|67|0|0|0|148|100|0|0|0|22|0|0|0|0|0|0|0|0|0|0|0|0|0|0|0|0|0|4|113|0|36|14250
275005208|Crimson Boots (+8)|230|9|0|3|0|100|0|81|0|0|0|139|75|0|0|0|0|0|0|0|0|0|0|0|0|0|0|0|0|0|0|0|0|0|4|97|0|36|15250
265004000|Crimson Gloves (+0)|230|8|0|3|0|100|0|32|0|0|0|144|82|0|0|0|0|0|0|0|0|0|0|0|0|0|0|0|0|0|0|0|0|0|3|99|0|36|6250
265004100|Crimson Gloves (+0)|230|8|0|3|0|100|0|46|0|0|0|144|98|0|0|0|0|0|0|0|0|0|0|0|0|0|0|0|0|0|0|0|0|0|3|115|0|36|14250
275004000|Crimson Gloves (+0)|230|8|0|3|0|100|0|32|0|0|0|144|82|0|0|0|0|0|0|0|0|0|0|0|0|0|0|0|0|0|0|0|0|0|4|99|0|36|6250
275004100|Crimson Gloves (+0)|230|8|0|3|0|100|0|57|0|0|0|144|96|0|0|0|18|0|0|0|0|0|0|0|0|0|0|0|0|0|0|0|0|0|4|117|0|36|13250
275004200|Crimson Gloves (+0)|230|8|0|3|0|100|0|70|0|0|0|142|80|0|0|0|0|0|0|0|0|0|0|0|0|0|0|0|0|0|0|0|0|0|4|99|0|36|14250
265004003|Crimson Gloves (+3)|230|8|0|3|0|100|0|36|0|0|0|144|86|0|0|0|0|0|0|0|0|0|0|0|0|0|0|0|0|0|0|0|0|0|3|103|0|36|8250
265004503|Crimson Gloves (+3)|230|8|0|3|0|100|0|36|0|0|0|144|86|0|4|0|0|0|0|0|0|0|0|0|0|0|0|0|0|0|0|0|0|0|3|103|0|36|8250
275004003|Crimson Gloves (+3)|230|8|0|3|0|100|0|47|0|0|0|144|94|13|0|0|0|0|0|0|0|0|0|0|0|0|0|0|0|0|0|0|0|0|4|103|0|36|12250
275004103|Crimson Gloves (+3)|230|8|0|3|0|100|0|61|0|0|0|144|98|0|0|0|20|0|0|0|0|0|0|0|0|0|0|0|0|0|0|0|0|0|4|103|0|36|14250
275004203|Crimson Gloves (+3)|230|8|0|3|0|100|0|74|0|0|0|140|78|0|0|0|0|0|0|0|0|0|0|0|0|0|0|0|0|0|0|0|0|0|4|87|0|36|15250
265004007|Crimson Gloves (+7)|230|8|0|3|0|100|0|45|0|0|0|144|94|0|0|0|0|0|0|0|0|0|0|0|0|0|0|0|0|0|0|0|0|0|3|111|0|36|12250
265004507|Crimson Gloves (+7)|230|8|0|3|0|100|0|45|0|0|0|144|94|0|12|0|0|0|0|0|0|0|0|0|0|0|0|0|0|0|0|0|0|0|3|111|0|36|12250
275004007|Crimson Gloves (+7)|230|8|0|3|0|100|0|52|0|0|0|144|96|16|0|0|0|0|0|0|0|0|0|0|0|0|0|0|0|0|0|0|0|0|4|111|0|36|13250
275004107|Crimson Gloves (+7)|230|8|0|3|0|100|0|66|0|0|0|144|98|0|0|0|22|0|0|0|0|0|0|0|0|0|0|0|0|0|0|0|0|0|4|111|0|36|14250
275004207|Crimson Gloves (+7)|230|8|0|3|0|100|0|80|0|0|0|136|74|0|0|0|0|0|0|0|0|0|0|0|0|0|0|0|0|0|0|0|0|0|4|95|0|36|15250
265004008|Crimson Gloves (+8)|230|8|0|3|0|100|0|50|0|0|0|144|96|0|0|0|0|0|0|0|0|0|0|0|0|0|0|0|0|0|0|0|0|0|3|113|0|36|13250
265004508|Crimson Gloves (+8)|230|8|0|3|0|100|0|50|0|0|0|144|96|0|15|0|0|0|0|0|0|0|0|0|0|0|0|0|0|0|0|0|0|0|3|113|0|36|13250
275004008|Crimson Gloves (+8)|230|8|0|3|0|100|0|54|0|0|0|144|96|16|0|0|0|0|0|0|0|0|0|0|0|0|0|0|0|0|0|0|0|0|4|113|0|36|13250
275004108|Crimson Gloves (+8)|230|8|0|3|0|100|0|67|0|0|0|144|98|0|0|0|22|0|0|0|0|0|0|0|0|0|0|0|0|0|0|0|0|0|4|113|0|36|14250
275004208|Crimson Gloves (+8)|230|8|0|3|0|100|0|81|0|0|0|135|73|0|0|0|0|0|0|0|0|0|0|0|0|0|0|0|0|0|0|0|0|0|4|97|0|36|15250
265003000|Crimson Helmet (+0)|230|7|0|3|0|100|0|48|0|0|0|152|86|0|0|0|0|0|0|0|0|0|0|0|0|0|0|0|0|0|0|0|0|0|3|99|0|54|6250
265003100|Crimson Helmet (+0)|230|7|0|3|0|100|0|70|0|0|0|152|102|0|0|0|0|0|0|0|0|0|0|0|0|0|0|0|0|0|0|0|0|0|3|115|0|54|14250
275003000|Crimson Helmet (+0)|230|7|0|3|0|100|0|48|0|0|0|152|86|0|0|0|0|0|0|0|0|0|0|0|0|0|0|0|0|0|0|0|0|0|4|99|0|54|6250
275003100|Crimson Helmet (+0)|230|7|0|3|0|100|0|83|0|0|0|152|100|0|0|0|18|0|0|0|0|0|0|0|0|0|0|0|0|0|0|0|0|0|4|117|0|54|13250
275003200|Crimson Helmet (+0)|230|7|0|3|0|100|0|98|0|0|0|150|84|0|0|0|0|0|0|0|0|0|0|0|0|0|0|0|0|0|0|0|0|0|4|99|0|54|14250
265003003|Crimson Helmet (+3)|230|7|0|3|0|100|0|54|0|0|0|152|90|0|0|0|0|0|0|0|0|0|0|0|0|0|0|0|0|0|0|0|0|0|3|103|0|54|8250
265003503|Crimson Helmet (+3)|230|7|0|3|0|100|0|54|0|0|0|152|90|0|4|0|0|0|0|0|0|0|0|0|0|0|0|0|0|0|0|0|0|0|3|103|0|54|8250
275003003|Crimson Helmet (+3)|230|7|0|3|0|100|0|71|0|0|0|152|98|13|0|0|0|0|0|0|0|0|0|0|0|0|0|0|0|0|0|0|0|0|4|103|0|54|12250
275003103|Crimson Helmet (+3)|230|7|0|3|0|100|0|88|0|0|0|152|102|0|0|0|20|0|0|0|0|0|0|0|0|0|0|0|0|0|0|0|0|0|4|103|0|54|14250
275003203|Crimson Helmet (+3)|230|7|0|3|0|100|0|103|0|0|0|148|82|0|0|0|0|0|0|0|0|0|0|0|0|0|0|0|0|0|0|0|0|0|4|87|0|54|15250
265003007|Crimson Helmet (+7)|230|7|0|3|0|100|0|68|0|0|0|152|98|0|0|0|0|0|0|0|0|0|0|0|0|0|0|0|0|0|0|0|0|0|3|111|0|54|12250
265003507|Crimson Helmet (+7)|230|7|0|3|0|100|0|68|0|0|0|152|98|0|12|0|0|0|0|0|0|0|0|0|0|0|0|0|0|0|0|0|0|0|3|111|0|54|12250
275003007|Crimson Helmet (+7)|230|7|0|3|0|100|0|78|0|0|0|152|100|16|0|0|0|0|0|0|0|0|0|0|0|0|0|0|0|0|0|0|0|0|4|111|0|54|13250
275003107|Crimson Helmet (+7)|230|7|0|3|0|100|0|94|0|0|0|152|102|0|0|0|22|0|0|0|0|0|0|0|0|0|0|0|0|0|0|0|0|0|4|111|0|54|14250
275003207|Crimson Helmet (+7)|230|7|0|3|0|100|0|109|0|0|0|144|78|0|0|0|0|0|0|0|0|0|0|0|0|0|0|0|0|0|0|0|0|0|4|95|0|54|15250
265003008|Crimson Helmet (+8)|230|7|0|3|0|100|0|75|0|0|0|152|100|0|0|0|0|0|0|0|0|0|0|0|0|0|0|0|0|0|0|0|0|0|3|113|0|54|13250
265003508|Crimson Helmet (+8)|230|7|0|3|0|100|0|75|0|0|0|152|100|0|15|0|0|0|0|0|0|0|0|0|0|0|0|0|0|0|0|0|0|0|3|113|0|54|13250
275003008|Crimson Helmet (+8)|230|7|0|3|0|100|0|80|0|0|0|152|100|16|0|0|0|0|0|0|0|0|0|0|0|0|0|0|0|0|0|0|0|0|4|113|0|54|13250
275003108|Crimson Helmet (+8)|230|7|0|3|0|100|0|95|0|0|0|152|102|0|0|0|22|0|0|0|0|0|0|0|0|0|0|0|0|0|0|0|0|0|4|113|0|54|14250
275003208|Crimson Helmet (+8)|230|7|0|3|0|100|0|110|0|0|0|143|77|0|0|0|0|0|0|0|0|0|0|0|0|0|0|0|0|0|0|0|0|0|4|97|0|54|15250
265002000|Crimson Pants (+0)|230|6|0|3|0|100|0|64|0|0|0|156|88|0|0|0|0|0|0|0|0|0|0|0|0|0|0|0|0|0|0|0|0|0|3|99|0|72|6250
265002100|Crimson Pants (+0)|230|6|0|3|0|100|0|94|0|0|0|156|104|0|0|0|0|0|0|0|0|0|0|0|0|0|0|0|0|0|0|0|0|0|3|115|0|72|14250
275002000|Crimson Pants (+0)|230|6|0|3|0|100|0|64|0|0|0|156|88|0|0|0|0|0|0|0|0|0|0|0|0|0|0|0|0|0|0|0|0|0|4|99|0|72|6250
275002100|Crimson Pants (+0)|230|6|0|3|0|100|0|109|0|0|0|156|102|0|0|0|18|0|0|0|0|0|0|0|0|0|0|0|0|0|0|0|0|0|4|117|0|72|13250
275002200|Crimson Pants (+0)|230|6|0|3|0|100|0|130|0|0|0|154|86|0|0|0|0|0|0|0|0|0|0|0|0|0|0|0|0|0|0|0|0|0|4|99|0|72|14250
265002003|Crimson Pants (+3)|230|6|0|3|0|100|0|72|0|0|0|156|92|0|0|0|0|0|0|0|0|0|0|0|0|0|0|0|0|0|0|0|0|0|3|103|0|72|8250
265002503|Crimson Pants (+3)|230|6|0|3|0|100|0|72|0|0|0|156|92|0|4|0|0|0|0|0|0|0|0|0|0|0|0|0|0|0|0|0|0|0|3|103|0|72|8250
275002003|Crimson Pants (+3)|230|6|0|3|0|100|0|94|0|0|0|156|100|13|0|0|0|0|0|0|0|0|0|0|0|0|0|0|0|0|0|0|0|0|4|103|0|72|12250
275002103|Crimson Pants (+3)|230|6|0|3|0|100|0|116|0|0|0|156|104|0|0|0|20|0|0|0|0|0|0|0|0|0|0|0|0|0|0|0|0|0|4|103|0|72|14250
275002203|Crimson Pants (+3)|230|6|0|3|0|100|0|136|0|0|0|152|84|0|0|0|0|0|0|0|0|0|0|0|0|0|0|0|0|0|0|0|0|0|4|87|0|72|15250
265002007|Crimson Pants (+7)|230|6|0|3|0|100|0|90|0|0|0|156|100|0|0|0|0|0|0|0|0|0|0|0|0|0|0|0|0|0|0|0|0|0|3|111|0|72|12250
265002507|Crimson Pants (+7)|230|6|0|3|0|100|0|90|0|0|0|156|100|0|12|0|0|0|0|0|0|0|0|0|0|0|0|0|0|0|0|0|0|0|3|111|0|72|12250
275002007|Crimson Pants (+7)|230|6|0|3|0|100|0|103|0|0|0|156|102|16|0|0|0|0|0|0|0|0|0|0|0|0|0|0|0|0|0|0|0|0|4|111|0|72|13250
275002107|Crimson Pants (+7)|230|6|0|3|0|100|0|124|0|0|0|156|104|0|0|0|22|0|0|0|0|0|0|0|0|0|0|0|0|0|0|0|0|0|4|111|0|72|14250
275002207|Crimson Pants (+7)|230|6|0|3|0|100|0|144|0|0|0|148|80|0|0|0|0|0|0|0|0|0|0|0|0|0|0|0|0|0|0|0|0|0|4|95|0|72|15250
265002008|Crimson Pants (+8)|230|6|0|3|0|100|0|99|0|0|0|156|102|0|0|0|0|0|0|0|0|0|0|0|0|0|0|0|0|0|0|0|0|0|3|113|0|72|13250
265002508|Crimson Pants (+8)|230|6|0|3|0|100|0|99|0|0|0|156|102|0|15|0|0|0|0|0|0|0|0|0|0|0|0|0|0|0|0|0|0|0|3|113|0|72|13250
275002008|Crimson Pants (+8)|230|6|0|3|0|100|0|105|0|0|0|156|102|16|0|0|0|0|0|0|0|0|0|0|0|0|0|0|0|0|0|0|0|0|4|113|0|72|13250
275002108|Crimson Pants (+8)|230|6|0|3|0|100|0|126|0|0|0|156|104|0|0|0|22|0|0|0|0|0|0|0|0|0|0|0|0|0|0|0|0|0|4|113|0|72|14250
275002208|Crimson Pants (+8)|230|6|0|3|0|100|0|146|0|0|0|147|79|0|0|0|0|0|0|0|0|0|0|0|0|0|0|0|0|0|0|0|0|0|4|97|0|72|15250
265001000|Crimson Robe (+0)|230|5|0|3|0|100|0|81|0|0|0|160|90|0|0|0|0|0|0|0|0|0|0|0|0|0|0|0|0|0|0|0|0|0|3|99|0|90|6250
265001100|Crimson Robe (+0)|230|5|0|3|0|100|0|111|0|0|0|160|106|0|0|0|0|0|0|0|0|0|0|0|0|0|0|0|0|0|0|0|0|0|3|115|0|90|14250
275001000|Crimson Robe (+0)|230|5|0|3|0|100|0|81|0|0|0|160|90|0|0|0|0|0|0|0|0|0|0|0|0|0|0|0|0|0|0|0|0|0|4|99|0|90|6250
275001100|Crimson Robe (+0)|230|5|0|3|0|100|0|126|0|0|0|160|104|0|0|0|18|0|0|0|0|0|0|0|0|0|0|0|0|0|0|0|0|0|4|117|0|90|13250
275001200|Crimson Robe (+0)|230|5|0|3|0|100|0|147|0|0|0|158|88|0|0|0|0|0|0|0|0|0|0|0|0|0|0|0|0|0|0|0|0|0|4|99|0|90|14250
265001003|Crimson Robe (+3)|230|5|0|3|0|100|0|89|0|0|0|160|94|0|0|0|0|0|0|0|0|0|0|0|0|0|0|0|0|0|0|0|0|0|3|103|0|90|8250
265001503|Crimson Robe (+3)|230|5|0|3|0|100|0|89|0|0|0|160|94|0|4|0|0|0|0|0|0|0|0|0|0|0|0|0|0|0|0|0|0|0|3|103|0|90|8250
275001003|Crimson Robe (+3)|230|5|0|3|0|100|0|111|0|0|0|160|102|13|0|0|0|0|0|0|0|0|0|0|0|0|0|0|0|0|0|0|0|0|4|103|0|90|12250
275001103|Crimson Robe (+3)|230|5|0|3|0|100|0|133|0|0|0|160|106|0|0|0|20|0|0|0|0|0|0|0|0|0|0|0|0|0|0|0|0|0|4|103|0|90|14250
275001203|Crimson Robe (+3)|230|5|0|3|0|100|0|153|0|0|0|156|86|0|0|0|0|0|0|0|0|0|0|0|0|0|0|0|0|0|0|0|0|0|4|87|0|90|15250
265001007|Crimson Robe (+7)|230|5|0|3|0|100|0|107|0|0|0|160|102|0|0|0|0|0|0|0|0|0|0|0|0|0|0|0|0|0|0|0|0|0|3|111|0|90|12250
265001507|Crimson Robe (+7)|230|5|0|3|0|100|0|107|0|0|0|160|102|0|12|0|0|0|0|0|0|0|0|0|0|0|0|0|0|0|0|0|0|0|3|111|0|90|12250
275001007|Crimson Robe (+7)|230|5|0|3|0|100|0|120|0|0|0|160|104|16|0|0|0|0|0|0|0|0|0|0|0|0|0|0|0|0|0|0|0|0|4|111|0|90|13250
275001107|Crimson Robe (+7)|230|5|0|3|0|100|0|141|0|0|0|160|106|0|0|0|22|0|0|0|0|0|0|0|0|0|0|0|0|0|0|0|0|0|4|111|0|90|14250
275001207|Crimson Robe (+7)|230|5|0|3|0|100|0|161|0|0|0|152|82|0|0|0|0|0|0|0|0|0|0|0|0|0|0|0|0|0|0|0|0|0|4|95|0|90|15250
265001008|Crimson Robe (+8)|230|5|0|3|0|100|0|116|0|0|0|160|104|0|0|0|0|0|0|0|0|0|0|0|0|0|0|0|0|0|0|0|0|0|3|113|0|90|13250
265001508|Crimson Robe (+8)|230|5|0|3|0|100|0|116|0|0|0|160|104|0|15|0|0|0|0|0|0|0|0|0|0|0|0|0|0|0|0|0|0|0|3|113|0|90|13250
275001008|Crimson Robe (+8)|230|5|0|3|0|100|0|122|0|0|0|160|104|16|0|0|0|0|0|0|0|0|0|0|0|0|0|0|0|0|0|0|0|0|4|113|0|90|13250
275001108|Crimson Robe (+8)|230|5|0|3|0|100|0|143|0|0|0|160|106|0|0|0|22|0|0|0|0|0|0|0|0|0|0|0|0|0|0|0|0|0|4|113|0|90|14250
275001208|Crimson Robe (+8)|230|5|0|3|0|100|0|163|0|0|0|151|81|0|0|0|0|0|0|0|0|0|0|0|0|0|0|0|0|0|0|0|0|0|4|97|0|90|15250
181110000|Elixir Staff (+0)|110|3|0|0|85|200|10|0|0|0|0|158|104|0|0|0|0|0|0|0|0|0|0|0|0|0|0|0|0|0|0|0|0|0|3|99|0|30|5000
181110100|Elixir Staff (+0)|110|3|0|0|115|200|10|0|0|0|0|158|136|0|0|0|15|0|0|0|0|0|0|0|0|0|0|0|0|0|0|0|0|0|3|115|0|30|14000
181110200|Elixir Staff (+0)|110|3|0|0|115|200|10|0|0|0|0|158|136|0|0|0|0|0|0|0|0|0|0|0|0|0|0|0|0|0|0|0|0|0|3|115|0|30|14000
181111000|Elixir Staff (+0)|110|3|0|0|85|200|10|0|0|0|0|158|104|0|0|0|0|0|0|0|0|0|0|0|0|0|0|0|0|0|0|0|0|0|4|99|0|30|5000
181111100|Elixir Staff (+0)|110|3|0|0|130|200|10|0|0|0|0|158|132|0|0|0|0|0|0|0|0|0|0|0|0|0|0|0|0|0|0|0|0|0|4|117|0|30|12000
181110003|Elixir Staff (+3)|110|3|0|0|93|200|10|0|0|0|0|158|112|0|0|0|0|0|0|0|0|0|0|0|0|0|0|0|0|0|0|0|0|0|3|103|0|30|7000
181110103|Elixir Staff (+3)|110|3|0|0|91|200|10|0|0|0|0|158|112|0|0|0|0|0|0|0|4|0|0|0|0|0|0|0|0|0|0|0|0|0|3|103|0|30|7000
181110203|Elixir Staff (+3)|110|3|0|0|91|200|10|0|0|0|0|158|112|0|0|0|0|0|0|0|0|0|0|0|0|0|0|0|0|0|0|0|0|0|3|103|0|30|7000
181110503|Elixir Staff (+3)|110|3|0|0|93|200|10|0|0|0|0|158|112|0|0|0|0|0|0|0|0|0|0|0|0|0|0|0|0|0|0|0|0|0|3|103|0|30|7000
181111003|Elixir Staff (+3)|110|3|0|0|115|200|10|0|0|0|0|158|96|0|0|0|0|0|0|0|0|0|0|0|0|0|0|0|0|0|0|0|0|0|4|103|0|30|11000
181111103|Elixir Staff (+3)|110|3|0|0|137|200|10|0|0|0|0|158|136|0|0|0|0|0|0|0|0|0|0|0|0|0|0|0|0|0|0|0|0|0|4|103|0|30|13000
181110007|Elixir Staff (+7)|110|3|0|0|111|200|10|0|0|0|0|158|128|0|0|0|0|0|0|0|0|0|0|0|0|0|0|0|0|0|0|0|0|0|3|111|0|30|11000
181110107|Elixir Staff (+7)|110|3|0|0|107|200|10|0|0|0|0|158|128|0|0|0|0|0|0|0|16|0|0|0|0|0|0|0|0|0|0|0|0|0|3|111|0|30|11000
181110207|Elixir Staff (+7)|110|3|0|0|107|200|10|0|0|0|0|158|128|0|0|0|0|0|0|0|0|0|0|0|0|0|0|0|0|0|0|0|0|0|3|111|0|30|11000
181110507|Elixir Staff (+7)|110|3|0|0|111|200|10|0|0|0|0|158|128|0|0|0|0|0|0|0|0|0|0|0|0|0|0|0|0|0|0|0|0|0|3|111|0|30|11000
181111007|Elixir Staff (+7)|110|3|0|0|124|200|10|0|0|0|0|158|100|0|0|0|0|0|0|0|0|0|0|0|0|0|0|0|0|0|0|0|0|0|4|111|0|30|12000
181111107|Elixir Staff (+7)|110|3|0|0|145|200|10|0|0|0|0|158|136|0|0|0|0|0|0|0|0|0|0|0|0|0|0|0|0|0|0|0|0|0|4|111|0|30|13000
181110008|Elixir Staff (+8)|110|3|0|0|120|200|10|0|0|0|0|158|132|0|0|0|0|0|0|0|0|0|0|0|0|0|0|0|0|0|0|0|0|0|3|113|0|30|12000
181110108|Elixir Staff (+8)|110|3|0|0|111|200|10|0|0|0|0|158|132|0|0|0|0|0|0|0|19|0|0|0|0|0|0|0|0|0|0|0|0|0|3|113|0|30|12000
181110208|Elixir Staff (+8)|110|3|0|0|111|200|10|0|0|0|0|158|132|0|0|0|0|0|0|0|0|0|0|0|0|0|0|0|0|0|0|0|0|0|3|113|0|30|12000
181110508|Elixir Staff (+8)|110|3|0|0|120|200|10|0|0|0|0|158|132|0|0|0|0|0|0|0|0|0|0|0|0|0|0|0|0|0|0|0|0|0|3|113|0|30|12000
181111008|Elixir Staff (+8)|110|3|0|0|126|200|10|0|0|0|0|158|100|0|0|0|0|0|0|0|0|0|0|0|0|0|0|0|0|0|0|0|0|0|4|113|0|30|12000
181111108|Elixir Staff (+8)|110|3|0|0|147|200|10|0|0|0|0|158|136|0|0|0|0|0|0|0|0|0|0|0|0|0|0|0|0|0|0|0|0|0|4|113|0|30|13000
121310000|Graham (+0)|21|0|0|0|72|114|10|0|178|0|0|0|0|0|0|0|0|0|0|0|0|0|0|0|0|0|0|0|0|0|0|0|0|0|3|99|0|70|5000
121310100|Graham (+0)|21|0|0|0|102|114|10|0|210|0|0|0|0|0|0|0|15|0|0|0|0|0|0|0|0|0|0|0|0|0|0|0|0|0|3|115|0|70|14000
121310200|Graham (+0)|21|0|0|0|102|114|10|0|210|0|0|0|0|0|0|0|0|0|0|0|0|0|0|0|0|0|0|0|0|0|0|0|0|0|3|115|0|70|14000
121311000|Graham (+0)|21|0|0|0|72|114|10|0|178|0|0|0|0|0|0|0|0|0|0|0|0|0|0|0|0|0|0|0|0|0|0|0|0|0|4|99|0|70|8000
121310003|Graham (+3)|21|0|0|0|80|114|10|0|186|0|0|0|0|0|0|0|0|0|0|0|0|0|0|0|0|0|0|0|0|0|0|0|0|0|3|103|0|70|7000
121310103|Graham (+3)|21|0|0|0|78|114|10|0|186|0|0|0|0|0|0|0|0|0|0|0|0|4|0|0|0|0|0|0|0|0|0|0|0|0|3|103|0|70|7000
121310203|Graham (+3)|21|0|0|0|78|114|10|0|186|0|0|0|0|0|0|0|0|0|0|0|0|0|0|0|0|0|0|0|0|0|0|0|0|0|3|103|0|70|7000
121311003|Graham (+3)|21|0|0|0|102|114|10|0|170|0|0|0|0|0|0|0|0|0|0|0|0|0|0|0|0|0|0|0|0|0|0|0|0|0|4|103|0|70|14000
121310007|Graham (+7)|21|0|0|0|98|114|10|0|202|0|0|0|0|0|0|0|0|0|0|0|0|0|0|0|0|0|0|0|0|0|0|0|0|0|3|111|0|70|11000
121310107|Graham (+7)|21|0|0|0|94|114|10|0|202|0|0|0|0|0|0|0|0|0|0|0|0|16|0|0|0|0|0|0|0|0|0|0|0|0|3|111|0|70|11000
121310207|Graham (+7)|21|0|0|0|94|114|10|0|202|0|0|0|0|0|0|0|0|0|0|0|0|0|0|0|0|0|0|0|0|0|0|0|0|0|3|111|0|70|11000
121311007|Graham (+7)|21|0|0|0|111|114|10|0|174|0|0|0|0|0|0|0|0|0|0|0|0|0|0|0|0|0|0|0|0|0|0|0|0|0|4|111|0|70|15000
121310008|Graham (+8)|21|0|0|0|107|114|10|0|206|0|0|0|0|0|0|0|0|0|0|0|0|0|0|0|0|0|0|0|0|0|0|0|0|0|3|113|0|70|12000
121310108|Graham (+8)|21|0|0|0|98|114|10|0|206|0|0|0|0|0|0|0|0|0|0|0|0|19|0|0|0|0|0|0|0|0|0|0|0|0|3|113|0|70|12000
121310208|Graham (+8)|21|0|0|0|98|114|10|0|206|0|0|0|0|0|0|0|0|0|0|0|0|0|0|0|0|0|0|0|0|0|0|0|0|0|3|113|0|70|12000
121311008|Graham (+8)|21|0|0|0|113|114|10|0|174|0|0|0|0|0|0|0|0|0|0|0|0|0|0|0|0|0|0|0|0|0|0|0|0|0|4|113|0|70|15000
340610107|Iron Belt|94|14|0|0|0|100|0|50|0|0|0|0|0|0|0|0|0|0|0|0|0|0|0|0|0|0|10|10|10|10|10|10|0|0|8|99|0|0|1
146210000|Iron Impact (+0)|42|3|0|0|130|149|15|0|176|0|0|0|0|0|0|0|0|0|0|0|0|0|0|0|0|0|0|0|0|0|0|0|0|0|3|99|0|140|10000
146210100|Iron Impact (+0)|42|3|0|0|175|149|15|0|192|0|0|0|0|0|0|0|15|0|0|0|0|0|0|0|0|0|0|0|0|0|0|0|0|0|3|115|0|140|19000
146210200|Iron Impact (+0)|42|3|0|0|175|149|15|0|192|0|0|0|0|0|0|0|0|0|0|0|0|0|0|0|0|0|0|0|0|0|0|0|0|0|3|115|0|140|19000
146211000|Iron Impact (+0)|42|3|0|0|130|149|15|0|176|0|0|0|0|0|0|0|0|0|0|0|0|0|0|0|0|0|0|0|0|0|0|0|0|0|4|99|0|140|10000
146210003|Iron Impact (+3)|42|3|0|0|142|149|15|0|180|0|0|0|0|0|0|0|0|0|0|0|0|0|0|0|0|0|0|0|0|0|0|0|0|0|3|103|0|140|12000
146210103|Iron Impact (+3)|42|3|0|0|139|149|15|0|180|0|0|0|0|0|0|0|0|0|0|0|4|0|0|0|0|0|0|0|0|0|0|0|0|0|3|103|0|140|12000
146210203|Iron Impact (+3)|42|3|0|0|139|149|15|0|180|0|0|0|0|0|0|0|0|0|0|0|0|0|0|0|0|0|0|0|0|0|0|0|0|0|3|103|0|140|12000
146211003|Iron Impact (+3)|42|3|0|0|174|149|15|0|172|0|0|0|0|0|0|0|0|0|0|0|0|0|0|0|0|0|0|0|0|0|0|0|0|0|4|103|0|140|16000
146210007|Iron Impact (+7)|42|3|0|0|168|149|15|0|188|0|0|0|0|0|0|0|0|0|0|0|0|0|0|0|0|0|0|0|0|0|0|0|0|0|3|111|0|140|16000
146210107|Iron Impact (+7)|42|3|0|0|163|149|15|0|188|0|0|0|0|0|0|0|0|0|0|0|16|0|0|0|0|0|0|0|0|0|0|0|0|0|3|111|0|140|16000
146210207|Iron Impact (+7)|42|3|0|0|163|149|15|0|188|0|0|0|0|0|0|0|0|0|0|0|0|0|0|0|0|0|0|0|0|0|0|0|0|0|3|111|0|140|16000
146211007|Iron Impact (+7)|42|3|0|0|186|149|15|0|174|0|0|0|0|0|0|0|0|0|0|0|0|0|0|0|0|0|0|0|0|0|0|0|0|0|4|111|0|140|17000
146210008|Iron Impact (+8)|42|3|0|0|180|149|15|0|190|0|0|0|0|0|0|0|0|0|0|0|0|0|0|0|0|0|0|0|0|0|0|0|0|0|3|113|0|140|17000
146210108|Iron Impact (+8)|42|3|0|0|169|149|15|0|190|0|0|0|0|0|0|0|0|0|0|0|19|0|0|0|0|0|0|0|0|0|0|0|0|0|3|113|0|140|17000
146210208|Iron Impact (+8)|42|3|0|0|169|149|15|0|190|0|0|0|0|0|0|0|0|0|0|0|0|0|0|0|0|0|0|0|0|0|0|0|0|0|3|113|0|140|17000
146211008|Iron Impact (+8)|42|3|0|0|189|149|15|0|174|0|0|0|0|0|0|0|0|0|0|0|0|0|0|0|0|0|0|0|0|0|0|0|0|0|4|113|0|140|17000
126410000|Mirage (+0)|22|3|0|0|123|139|15|0|178|0|0|0|0|0|0|0|0|0|0|0|0|0|0|0|0|0|0|0|0|0|0|0|0|0|3|99|0|100|5000
126410100|Mirage (+0)|22|3|0|0|168|139|15|0|210|0|0|0|0|0|0|0|15|0|0|0|0|0|0|0|0|0|0|0|0|0|0|0|0|0|3|115|0|100|14000
126410200|Mirage (+0)|22|3|0|0|168|139|15|0|210|0|0|0|0|0|0|0|0|0|0|0|0|0|0|0|0|0|0|0|0|0|0|0|0|0|3|115|0|100|14000
126411000|Mirage (+0)|22|3|0|0|123|139|15|0|178|0|0|0|0|0|0|0|0|0|0|0|0|0|0|0|0|0|0|0|0|0|0|0|0|0|4|99|0|100|5000
126410003|Mirage (+3)|22|3|0|0|135|139|15|0|186|0|0|0|0|0|0|0|0|0|0|0|0|0|0|0|0|0|0|0|0|0|0|0|0|0|3|103|0|100|7000
126410103|Mirage (+3)|22|3|0|0|132|139|15|0|186|0|0|0|0|0|0|0|0|0|0|0|0|4|0|0|0|0|0|0|0|0|0|0|0|0|3|103|0|100|7000
126410203|Mirage (+3)|22|3|0|0|132|139|15|0|186|0|0|0|0|0|0|0|0|0|0|0|0|0|0|0|0|0|0|0|0|0|0|0|0|0|3|103|0|100|7000
126411003|Mirage (+3)|22|3|0|0|167|139|15|0|170|0|0|0|0|0|0|0|0|0|0|0|0|0|0|0|0|0|0|0|0|0|0|0|0|0|4|103|0|100|11000
126410007|Mirage (+7)|22|3|0|0|161|139|15|0|202|0|0|0|0|0|0|0|0|0|0|0|0|0|0|0|0|0|0|0|0|0|0|0|0|0|3|111|0|100|11000
126410107|Mirage (+7)|22|3|0|0|156|139|15|0|202|0|0|0|0|0|0|0|0|0|0|0|0|16|0|0|0|0|0|0|0|0|0|0|0|0|3|111|0|100|11000
126410207|Mirage (+7)|22|3|0|0|156|139|15|0|202|0|0|0|0|0|0|0|0|0|0|0|0|0|0|0|0|0|0|0|0|0|0|0|0|0|3|111|0|100|11000
126411007|Mirage (+7)|22|3|0|0|179|139|15|0|174|0|0|0|0|0|0|0|0|0|0|0|0|0|0|0|0|0|0|0|0|0|0|0|0|0|4|111|0|100|12000
126410008|Mirage (+8)|22|3|0|0|173|139|15|0|206|0|0|0|0|0|0|0|0|0|0|0|0|0|0|0|0|0|0|0|0|0|0|0|0|0|3|113|0|100|12000
126410108|Mirage (+8)|22|3|0|0|162|139|15|0|206|0|0|0|0|0|0|0|0|0|0|0|0|19|0|0|0|0|0|0|0|0|0|0|0|0|3|113|0|100|12000
126410208|Mirage (+8)|22|3|0|0|162|139|15|0|206|0|0|0|0|0|0|0|0|0|0|0|0|0|0|0|0|0|0|0|0|0|0|0|0|0|3|113|0|100|12000
126411008|Mirage (+8)|22|3|0|0|182|139|15|0|174|0|0|0|0|0|0|0|0|0|0|0|0|0|0|0|0|0|0|0|0|0|0|0|0|0|4|113|0|100|12000
111110000|Mirage Dagger (+0)|11|0|0|0|61|109|10|0|0|5|162|0|0|0|0|0|0|0|0|0|0|0|0|0|0|0|0|0|0|0|0|0|0|0|3|99|0|20|4000
111110100|Mirage Dagger (+0)|11|0|0|0|91|109|10|0|0|5|194|0|0|0|0|0|15|0|0|0|0|0|0|0|0|0|0|0|0|0|0|0|0|0|3|115|0|20|13000
111110200|Mirage Dagger (+0)|11|0|0|0|91|109|10|0|0|5|194|0|0|0|0|0|0|0|0|0|0|0|0|0|0|0|0|0|0|0|0|0|0|0|3|115|0|20|13000
111111000|Mirage Dagger (+0)|11|0|0|0|61|109|10|0|0|0|162|0|0|0|0|0|0|0|0|0|0|0|0|0|0|0|0|0|0|0|0|0|0|0|4|99|0|20|6000
111110003|Mirage Dagger (+3)|11|0|0|0|69|109|10|0|0|5|170|0|0|0|0|0|0|0|0|0|0|0|0|0|0|0|0|0|0|0|0|0|0|0|3|103|0|20|6000
111110103|Mirage Dagger (+3)|11|0|0|0|67|109|10|0|0|5|170|0|0|0|0|0|0|0|0|0|0|4|0|0|0|0|0|0|0|0|0|0|0|0|3|103|0|20|6000
111110203|Mirage Dagger (+3)|11|0|0|0|67|109|10|0|0|5|170|0|0|0|0|0|0|0|0|0|0|0|0|0|0|0|0|0|0|0|0|0|0|0|3|103|0|20|6000
111111003|Mirage Dagger (+3)|11|0|0|0|91|109|10|0|0|0|154|0|0|0|0|0|0|0|0|0|0|0|0|0|0|0|0|0|0|0|0|0|0|0|4|99|0|20|12000
111110007|Mirage Dagger (+7)|11|0|0|0|87|109|10|0|0|5|186|0|0|0|0|0|0|0|0|0|0|0|0|0|0|0|0|0|0|0|0|0|0|0|3|111|0|20|10000
111110107|Mirage Dagger (+7)|11|0|0|0|83|109|10|0|0|5|186|0|0|0|0|0|0|0|0|0|0|16|0|0|0|0|0|0|0|0|0|0|0|0|3|111|0|20|10000
111110207|Mirage Dagger (+7)|11|0|0|0|83|109|10|0|0|5|186|0|0|0|0|0|0|0|0|0|0|0|0|0|0|0|0|0|0|0|0|0|0|0|3|111|0|20|10000
111111007|Mirage Dagger (+7)|11|0|0|0|100|109|10|0|0|0|158|0|0|0|0|0|0|0|0|0|0|0|0|0|0|0|0|0|0|0|0|0|0|0|4|99|0|20|13000
111110008|Mirage Dagger (+8)|11|0|0|0|96|109|10|0|0|5|190|0|0|0|0|0|0|0|0|0|0|0|0|0|0|0|0|0|0|0|0|0|0|0|3|113|0|20|11000
111110108|Mirage Dagger (+8)|11|0|0|0|87|109|10|0|0|5|190|0|0|0|0|0|0|0|0|0|0|19|0|0|0|0|0|0|0|0|0|0|0|0|3|113|0|20|11000
111110208|Mirage Dagger (+8)|11|0|0|0|87|109|10|0|0|5|190|0|0|0|0|0|0|0|0|0|0|0|0|0|0|0|0|0|0|0|0|0|0|0|3|113|0|20|11000
111111008|Mirage Dagger (+8)|11|0|0|0|102|109|10|0|0|0|158|0|0|0|0|0|0|0|0|0|0|0|0|0|0|0|0|0|0|0|0|0|0|0|4|99|0|20|13000
286005000|Priest Chitin Shell Boots (+0)|240|9|0|12|0|100|0|48|88|0|0|164|0|0|0|0|0|0|0|0|0|0|0|0|0|0|0|0|0|0|0|0|0|0|3|99|0|49|10938
286005100|Priest Chitin Shell Boots (+0)|240|9|0|12|0|100|0|62|104|0|0|180|0|0|0|0|0|0|0|0|0|0|0|0|0|0|0|0|0|0|0|0|0|0|3|115|0|49|18938
296005000|Priest Chitin Shell Boots (+0)|240|9|0|12|0|100|0|48|88|0|0|164|0|0|0|0|0|0|0|0|0|0|0|0|0|0|0|0|0|0|0|0|0|0|4|99|0|49|10938
296005100|Priest Chitin Shell Boots (+0)|240|9|0|12|0|100|0|73|102|0|0|178|0|0|0|0|18|0|0|0|0|0|0|0|0|0|0|0|0|0|0|0|0|0|4|117|0|49|17938
296005200|Priest Chitin Shell Boots (+0)|240|9|0|12|0|100|0|86|86|0|0|162|0|0|0|0|0|0|0|0|0|0|0|0|0|0|0|0|0|0|0|0|0|0|4|99|0|49|18938
286005003|Priest Chitin Shell Boots (+3)|240|9|0|12|0|100|0|52|92|0|0|168|0|0|0|0|0|0|0|0|0|0|0|0|0|0|0|0|0|0|0|0|0|0|3|103|0|49|12938
286005503|Priest Chitin Shell Boots (+3)|240|9|0|12|0|100|0|52|92|0|0|168|0|0|4|0|0|0|0|0|0|0|0|0|0|0|0|0|0|0|0|0|0|0|3|103|0|49|12938
296005003|Priest Chitin Shell Boots (+3)|240|9|0|12|0|100|0|63|100|0|0|176|0|13|0|0|0|0|0|0|0|0|0|0|0|0|0|0|0|0|0|0|0|0|4|103|0|49|16938
296005103|Priest Chitin Shell Boots (+3)|240|9|0|12|0|100|0|77|104|0|0|180|0|0|0|0|20|0|0|0|0|0|0|0|0|0|0|0|0|0|0|0|0|0|4|103|0|49|18938
296005203|Priest Chitin Shell Boots (+3)|240|9|0|12|0|100|0|90|84|0|0|160|0|0|0|0|0|0|0|0|0|0|0|0|0|0|0|0|0|0|0|0|0|0|4|87|0|49|19938
286005007|Priest Chitin Shell Boots (+7)|240|9|0|12|0|100|0|61|100|0|0|176|0|0|0|0|0|0|0|0|0|0|0|0|0|0|0|0|0|0|0|0|0|0|3|111|0|49|16938
286005507|Priest Chitin Shell Boots (+7)|240|9|0|12|0|100|0|61|100|0|0|176|0|0|12|0|0|0|0|0|0|0|0|0|0|0|0|0|0|0|0|0|0|0|3|111|0|49|16938
296005007|Priest Chitin Shell Boots (+7)|240|9|0|12|0|100|0|68|102|0|0|178|0|16|0|0|0|0|0|0|0|0|0|0|0|0|0|0|0|0|0|0|0|0|4|111|0|49|17938
296005107|Priest Chitin Shell Boots (+7)|240|9|0|12|0|100|0|82|104|0|0|180|0|0|0|0|22|0|0|0|0|0|0|0|0|0|0|0|0|0|0|0|0|0|4|111|0|49|18938
296005207|Priest Chitin Shell Boots (+7)|240|9|0|12|0|100|0|96|80|0|0|156|0|0|0|0|0|0|0|0|0|0|0|0|0|0|0|0|0|0|0|0|0|0|4|95|0|49|19938
286005008|Priest Chitin Shell Boots (+8)|240|9|0|12|0|100|0|66|102|0|0|178|0|0|0|0|0|0|0|0|0|0|0|0|0|0|0|0|0|0|0|0|0|0|3|113|0|49|17938
286005508|Priest Chitin Shell Boots (+8)|240|9|0|12|0|100|0|66|102|0|0|178|0|0|15|0|0|0|0|0|0|0|0|0|0|0|0|0|0|0|0|0|0|0|3|113|0|49|17938
296005008|Priest Chitin Shell Boots (+8)|240|9|0|12|0|100|0|70|102|0|0|178|0|16|0|0|0|0|0|0|0|0|0|0|0|0|0|0|0|0|0|0|0|0|4|113|0|49|17938
296005108|Priest Chitin Shell Boots (+8)|240|9|0|12|0|100|0|83|104|0|0|180|0|0|0|0|22|0|0|0|0|0|0|0|0|0|0|0|0|0|0|0|0|0|4|113|0|49|18938
296005208|Priest Chitin Shell Boots (+8)|240|9|0|12|0|100|0|97|79|0|0|155|0|0|0|0|0|0|0|0|0|0|0|0|0|0|0|0|0|0|0|0|0|0|4|97|0|49|19938
286004000|Priest Chitin Shell Gauntlet (+0)|240|8|0|12|0|100|0|48|86|0|0|160|0|0|0|0|0|0|0|0|0|0|0|0|0|0|0|0|0|0|0|0|0|0|3|99|0|49|10938
286004100|Priest Chitin Shell Gauntlet (+0)|240|8|0|12|0|100|0|62|102|0|0|176|0|0|0|0|0|0|0|0|0|0|0|0|0|0|0|0|0|0|0|0|0|0|3|115|0|49|18938
296004000|Priest Chitin Shell Gauntlet (+0)|240|8|0|12|0|100|0|48|86|0|0|160|0|0|0|0|0|0|0|0|0|0|0|0|0|0|0|0|0|0|0|0|0|0|4|99|0|49|10938
296004100|Priest Chitin Shell Gauntlet (+0)|240|8|0|12|0|100|0|73|100|0|0|174|0|0|0|0|18|0|0|0|0|0|0|0|0|0|0|0|0|0|0|0|0|0|4|117|0|49|17938
296004200|Priest Chitin Shell Gauntlet (+0)|240|8|0|12|0|100|0|86|84|0|0|158|0|0|0|0|0|0|0|0|0|0|0|0|0|0|0|0|0|0|0|0|0|0|4|99|0|49|18938
286004003|Priest Chitin Shell Gauntlet (+3)|240|8|0|12|0|100|0|52|90|0|0|164|0|0|0|0|0|0|0|0|0|0|0|0|0|0|0|0|0|0|0|0|0|0|3|103|0|49|12938
286004503|Priest Chitin Shell Gauntlet (+3)|240|8|0|12|0|100|0|52|90|0|0|164|0|0|4|0|0|0|0|0|0|0|0|0|0|0|0|0|0|0|0|0|0|0|3|103|0|49|12938
296004003|Priest Chitin Shell Gauntlet (+3)|240|8|0|12|0|100|0|63|98|0|0|172|0|13|0|0|0|0|0|0|0|0|0|0|0|0|0|0|0|0|0|0|0|0|4|103|0|49|16938
296004103|Priest Chitin Shell Gauntlet (+3)|240|8|0|12|0|100|0|77|102|0|0|176|0|0|0|0|20|0|0|0|0|0|0|0|0|0|0|0|0|0|0|0|0|0|4|103|0|49|18938
296004203|Priest Chitin Shell Gauntlet (+3)|240|8|0|12|0|100|0|90|82|0|0|156|0|0|0|0|0|0|0|0|0|0|0|0|0|0|0|0|0|0|0|0|0|0|4|87|0|49|19938
286004007|Priest Chitin Shell Gauntlet (+7)|240|8|0|12|0|100|0|61|98|0|0|172|0|0|0|0|0|0|0|0|0|0|0|0|0|0|0|0|0|0|0|0|0|0|3|111|0|49|16938
286004507|Priest Chitin Shell Gauntlet (+7)|240|8|0|12|0|100|0|61|98|0|0|172|0|0|12|0|0|0|0|0|0|0|0|0|0|0|0|0|0|0|0|0|0|0|3|111|0|49|16938
296004007|Priest Chitin Shell Gauntlet (+7)|240|8|0|12|0|100|0|68|100|0|0|174|0|16|0|0|0|0|0|0|0|0|0|0|0|0|0|0|0|0|0|0|0|0|4|111|0|49|17938
296004107|Priest Chitin Shell Gauntlet (+7)|240|8|0|12|0|100|0|82|102|0|0|176|0|0|0|0|22|0|0|0|0|0|0|0|0|0|0|0|0|0|0|0|0|0|4|111|0|49|18938
296004207|Priest Chitin Shell Gauntlet (+7)|240|8|0|12|0|100|0|96|78|0|0|152|0|0|0|0|0|0|0|0|0|0|0|0|0|0|0|0|0|0|0|0|0|0|4|95|0|49|19938
286004008|Priest Chitin Shell Gauntlet (+8)|240|8|0|12|0|100|0|66|100|0|0|174|0|0|0|0|0|0|0|0|0|0|0|0|0|0|0|0|0|0|0|0|0|0|3|113|0|49|17938
286004508|Priest Chitin Shell Gauntlet (+8)|240|8|0|12|0|100|0|66|100|0|0|174|0|0|15|0|0|0|0|0|0|0|0|0|0|0|0|0|0|0|0|0|0|0|3|113|0|49|17938
296004008|Priest Chitin Shell Gauntlet (+8)|240|8|0|12|0|100|0|70|100|0|0|174|0|16|0|0|0|0|0|0|0|0|0|0|0|0|0|0|0|0|0|0|0|0|4|113|0|49|17938
296004108|Priest Chitin Shell Gauntlet (+8)|240|8|0|12|0|100|0|83|102|0|0|176|0|0|0|0|22|0|0|0|0|0|0|0|0|0|0|0|0|0|0|0|0|0|4|113|0|49|18938
296004208|Priest Chitin Shell Gauntlet (+8)|240|8|0|12|0|100|0|97|77|0|0|151|0|0|0|0|0|0|0|0|0|0|0|0|0|0|0|0|0|0|0|0|0|0|4|97|0|49|19938
286003000|Priest Chitin Shell Helmet (+0)|240|7|0|12|0|100|0|72|90|0|0|168|0|0|0|0|0|0|0|0|0|0|0|0|0|0|0|0|0|0|0|0|0|0|3|99|0|75|10938
286003100|Priest Chitin Shell Helmet (+0)|240|7|0|12|0|100|0|94|106|0|0|184|0|0|0|0|0|0|0|0|0|0|0|0|0|0|0|0|0|0|0|0|0|0|3|115|0|75|18938
296003000|Priest Chitin Shell Helmet (+0)|240|7|0|12|0|100|0|72|90|0|0|168|0|0|0|0|0|0|0|0|0|0|0|0|0|0|0|0|0|0|0|0|0|0|4|99|0|75|10938
296003100|Priest Chitin Shell Helmet (+0)|240|7|0|12|0|100|0|107|104|0|0|182|0|0|0|0|18|0|0|0|0|0|0|0|0|0|0|0|0|0|0|0|0|0|4|117|0|75|17938
296003200|Priest Chitin Shell Helmet (+0)|240|7|0|12|0|100|0|122|88|0|0|166|0|0|0|0|0|0|0|0|0|0|0|0|0|0|0|0|0|0|0|0|0|0|4|99|0|75|18938
286003003|Priest Chitin Shell Helmet (+3)|240|7|0|12|0|100|0|78|94|0|0|172|0|0|0|0|0|0|0|0|0|0|0|0|0|0|0|0|0|0|0|0|0|0|3|103|0|75|12938
286003503|Priest Chitin Shell Helmet (+3)|240|7|0|12|0|100|0|78|94|0|0|172|0|0|4|0|0|0|0|0|0|0|0|0|0|0|0|0|0|0|0|0|0|0|3|103|0|75|12938
296003003|Priest Chitin Shell Helmet (+3)|240|7|0|12|0|100|0|95|102|0|0|180|0|13|0|0|0|0|0|0|0|0|0|0|0|0|0|0|0|0|0|0|0|0|4|103|0|75|16938
296003103|Priest Chitin Shell Helmet (+3)|240|7|0|12|0|100|0|112|106|0|0|184|0|0|0|0|20|0|0|0|0|0|0|0|0|0|0|0|0|0|0|0|0|0|4|103|0|75|18938
296003203|Priest Chitin Shell Helmet (+3)|240|7|0|12|0|100|0|127|86|0|0|164|0|0|0|0|0|0|0|0|0|0|0|0|0|0|0|0|0|0|0|0|0|0|4|87|0|75|19938
286003007|Priest Chitin Shell Helmet (+7)|240|7|0|12|0|100|0|92|102|0|0|180|0|0|0|0|0|0|0|0|0|0|0|0|0|0|0|0|0|0|0|0|0|0|3|111|0|75|16938
286003507|Priest Chitin Shell Helmet (+7)|240|7|0|12|0|100|0|92|102|0|0|180|0|0|12|0|0|0|0|0|0|0|0|0|0|0|0|0|0|0|0|0|0|0|3|111|0|75|16938
296003007|Priest Chitin Shell Helmet (+7)|240|7|0|12|0|100|0|102|104|0|0|182|0|16|0|0|0|0|0|0|0|0|0|0|0|0|0|0|0|0|0|0|0|0|4|111|0|75|17938
296003107|Priest Chitin Shell Helmet (+7)|240|7|0|12|0|100|0|118|106|0|0|184|0|0|0|0|22|0|0|0|0|0|0|0|0|0|0|0|0|0|0|0|0|0|4|111|0|75|18938
296003207|Priest Chitin Shell Helmet (+7)|240|7|0|12|0|100|0|133|82|0|0|160|0|0|0|0|0|0|0|0|0|0|0|0|0|0|0|0|0|0|0|0|0|0|4|95|0|75|19938
286003008|Priest Chitin Shell Helmet (+8)|240|7|0|12|0|100|0|99|104|0|0|182|0|0|0|0|0|0|0|0|0|0|0|0|0|0|0|0|0|0|0|0|0|0|3|113|0|75|17938
286003508|Priest Chitin Shell Helmet (+8)|240|7|0|12|0|100|0|99|104|0|0|182|0|0|15|0|0|0|0|0|0|0|0|0|0|0|0|0|0|0|0|0|0|0|3|113|0|75|17938
296003008|Priest Chitin Shell Helmet (+8)|240|7|0|12|0|100|0|104|104|0|0|182|0|16|0|0|0|0|0|0|0|0|0|0|0|0|0|0|0|0|0|0|0|0|4|113|0|75|17938
296003108|Priest Chitin Shell Helmet (+8)|240|7|0|12|0|100|0|119|106|0|0|184|0|0|0|0|22|0|0|0|0|0|0|0|0|0|0|0|0|0|0|0|0|0|4|113|0|75|18938
296003208|Priest Chitin Shell Helmet (+8)|240|7|0|12|0|100|0|134|81|0|0|159|0|0|0|0|0|0|0|0|0|0|0|0|0|0|0|0|0|0|0|0|0|0|4|97|0|75|19938
286002000|Priest Chitin Shell Pads (+0)|240|6|0|12|0|100|0|95|92|0|0|172|0|0|0|0|0|0|0|0|0|0|0|0|0|0|0|0|0|0|0|0|0|0|3|99|0|100|10938
286002100|Priest Chitin Shell Pads (+0)|240|6|0|12|0|100|0|125|108|0|0|188|0|0|0|0|0|0|0|0|0|0|0|0|0|0|0|0|0|0|0|0|0|0|3|115|0|100|18938
296002000|Priest Chitin Shell Pads (+0)|240|6|0|12|0|100|0|95|92|0|0|172|0|0|0|0|0|0|0|0|0|0|0|0|0|0|0|0|0|0|0|0|0|0|4|99|0|100|10938
296002100|Priest Chitin Shell Pads (+0)|240|6|0|12|0|100|0|140|106|0|0|186|0|0|0|0|18|0|0|0|0|0|0|0|0|0|0|0|0|0|0|0|0|0|4|117|0|100|17938
296002200|Priest Chitin Shell Pads (+0)|240|6|0|12|0|100|0|161|90|0|0|170|0|0|0|0|0|0|0|0|0|0|0|0|0|0|0|0|0|0|0|0|0|0|4|99|0|100|18938
286002003|Priest Chitin Shell Pads (+3)|240|6|0|12|0|100|0|103|96|0|0|176|0|0|0|0|0|0|0|0|0|0|0|0|0|0|0|0|0|0|0|0|0|0|3|103|0|100|12938
286002503|Priest Chitin Shell Pads (+3)|240|6|0|12|0|100|0|103|96|0|0|176|0|0|4|0|0|0|0|0|0|0|0|0|0|0|0|0|0|0|0|0|0|0|3|103|0|100|12938
296002003|Priest Chitin Shell Pads (+3)|240|6|0|12|0|100|0|125|104|0|0|184|0|13|0|0|0|0|0|0|0|0|0|0|0|0|0|0|0|0|0|0|0|0|4|103|0|100|16938
296002103|Priest Chitin Shell Pads (+3)|240|6|0|12|0|100|0|147|108|0|0|188|0|0|0|0|20|0|0|0|0|0|0|0|0|0|0|0|0|0|0|0|0|0|4|103|0|100|18938
296002203|Priest Chitin Shell Pads (+3)|240|6|0|12|0|100|0|167|88|0|0|168|0|0|0|0|0|0|0|0|0|0|0|0|0|0|0|0|0|0|0|0|0|0|4|87|0|100|19938
286002007|Priest Chitin Shell Pads (+7)|240|6|0|12|0|100|0|121|104|0|0|184|0|0|0|0|0|0|0|0|0|0|0|0|0|0|0|0|0|0|0|0|0|0|3|111|0|100|16938
286002507|Priest Chitin Shell Pads (+7)|240|6|0|12|0|100|0|121|104|0|0|184|0|0|12|0|0|0|0|0|0|0|0|0|0|0|0|0|0|0|0|0|0|0|3|111|0|100|16938
296002007|Priest Chitin Shell Pads (+7)|240|6|0|12|0|100|0|134|106|0|0|186|0|16|0|0|0|0|0|0|0|0|0|0|0|0|0|0|0|0|0|0|0|0|4|111|0|100|17938
296002107|Priest Chitin Shell Pads (+7)|240|6|0|12|0|100|0|155|108|0|0|188|0|0|0|0|22|0|0|0|0|0|0|0|0|0|0|0|0|0|0|0|0|0|4|111|0|100|18938
296002207|Priest Chitin Shell Pads (+7)|240|6|0|12|0|100|0|175|84|0|0|164|0|0|0|0|0|0|0|0|0|0|0|0|0|0|0|0|0|0|0|0|0|0|4|95|0|100|19938
286002008|Priest Chitin Shell Pads (+8)|240|6|0|12|0|100|0|130|106|0|0|186|0|0|0|0|0|0|0|0|0|0|0|0|0|0|0|0|0|0|0|0|0|0|3|113|0|100|17938
286002508|Priest Chitin Shell Pads (+8)|240|6|0|12|0|100|0|130|106|0|0|186|0|0|15|0|0|0|0|0|0|0|0|0|0|0|0|0|0|0|0|0|0|0|3|113|0|100|17938
296002008|Priest Chitin Shell Pads (+8)|240|6|0|12|0|100|0|136|106|0|0|186|0|16|0|0|0|0|0|0|0|0|0|0|0|0|0|0|0|0|0|0|0|0|4|113|0|100|17938
296002108|Priest Chitin Shell Pads (+8)|240|6|0|12|0|100|0|157|108|0|0|188|0|0|0|0|22|0|0|0|0|0|0|0|0|0|0|0|0|0|0|0|0|0|4|113|0|100|18938
296002208|Priest Chitin Shell Pads (+8)|240|6|0|12|0|100|0|177|83|0|0|163|0|0|0|0|0|0|0|0|0|0|0|0|0|0|0|0|0|0|0|0|0|0|4|97|0|100|19938
286001000|Priest Chitin Shell Pauldron (+0)|240|5|0|12|0|100|0|119|94|0|0|176|0|0|0|0|0|0|0|0|0|0|0|0|0|0|0|0|0|0|0|0|0|0|3|99|0|126|10938
286001100|Priest Chitin Shell Pauldron (+0)|240|5|0|12|0|100|0|149|110|0|0|192|0|0|0|0|0|0|0|0|0|0|0|0|0|0|0|0|0|0|0|0|0|0|3|115|0|126|18938
296001000|Priest Chitin Shell Pauldron (+0)|240|5|0|12|0|100|0|119|94|0|0|176|0|0|0|0|0|0|0|0|0|0|0|0|0|0|0|0|0|0|0|0|0|0|4|99|0|126|10938
296001100|Priest Chitin Shell Pauldron (+0)|240|5|0|12|0|100|0|164|108|0|0|190|0|0|0|0|18|0|0|0|0|0|0|0|0|0|0|0|0|0|0|0|0|0|4|117|0|126|17938
296001200|Priest Chitin Shell Pauldron (+0)|240|5|0|12|0|100|0|185|92|0|0|174|0|0|0|0|0|0|0|0|0|0|0|0|0|0|0|0|0|0|0|0|0|0|4|99|0|126|18938
286001003|Priest Chitin Shell Pauldron (+3)|240|5|0|12|0|100|0|127|98|0|0|180|0|0|0|0|0|0|0|0|0|0|0|0|0|0|0|0|0|0|0|0|0|0|3|103|0|126|12938
286001503|Priest Chitin Shell Pauldron (+3)|240|5|0|12|0|100|0|127|98|0|0|180|0|0|4|0|0|0|0|0|0|0|0|0|0|0|0|0|0|0|0|0|0|0|3|103|0|126|12938
296001003|Priest Chitin Shell Pauldron (+3)|240|5|0|12|0|100|0|149|106|0|0|188|0|13|0|0|0|0|0|0|0|0|0|0|0|0|0|0|0|0|0|0|0|0|4|103|0|126|16938
296001103|Priest Chitin Shell Pauldron (+3)|240|5|0|12|0|100|0|171|110|0|0|192|0|0|0|0|20|0|0|0|0|0|0|0|0|0|0|0|0|0|0|0|0|0|4|103|0|126|18938
296001203|Priest Chitin Shell Pauldron (+3)|240|5|0|12|0|100|0|191|90|0|0|172|0|0|0|0|0|0|0|0|0|0|0|0|0|0|0|0|0|0|0|0|0|0|4|87|0|126|19938
286001007|Priest Chitin Shell Pauldron (+7)|240|5|0|12|0|100|0|145|106|0|0|188|0|0|0|0|0|0|0|0|0|0|0|0|0|0|0|0|0|0|0|0|0|0|3|111|0|126|16938
286001507|Priest Chitin Shell Pauldron (+7)|240|5|0|12|0|100|0|145|106|0|0|188|0|0|12|0|0|0|0|0|0|0|0|0|0|0|0|0|0|0|0|0|0|0|3|111|0|126|16938
296001007|Priest Chitin Shell Pauldron (+7)|240|5|0|12|0|100|0|158|108|0|0|190|0|16|0|0|0|0|0|0|0|0|0|0|0|0|0|0|0|0|0|0|0|0|4|111|0|126|17938
296001107|Priest Chitin Shell Pauldron (+7)|240|5|0|12|0|100|0|179|110|0|0|192|0|0|0|0|22|0|0|0|0|0|0|0|0|0|0|0|0|0|0|0|0|0|4|111|0|126|18938
296001207|Priest Chitin Shell Pauldron (+7)|240|5|0|12|0|100|0|199|86|0|0|168|0|0|0|0|0|0|0|0|0|0|0|0|0|0|0|0|0|0|0|0|0|0|4|95|0|126|19938
286001008|Priest Chitin Shell Pauldron (+8)|240|5|0|12|0|100|0|154|108|0|0|190|0|0|0|0|0|0|0|0|0|0|0|0|0|0|0|0|0|0|0|0|0|0|3|113|0|126|17938
286001508|Priest Chitin Shell Pauldron (+8)|240|5|0|12|0|100|0|154|108|0|0|190|0|0|15|0|0|0|0|0|0|0|0|0|0|0|0|0|0|0|0|0|0|0|3|113|0|126|17938
296001008|Priest Chitin Shell Pauldron (+8)|240|5|0|12|0|100|0|160|108|0|0|190|0|16|0|0|0|0|0|0|0|0|0|0|0|0|0|0|0|0|0|0|0|0|4|113|0|126|17938
296001108|Priest Chitin Shell Pauldron (+8)|240|5|0|12|0|100|0|181|110|0|0|192|0|0|0|0|22|0|0|0|0|0|0|0|0|0|0|0|0|0|0|0|0|0|4|113|0|126|18938
296001208|Priest Chitin Shell Pauldron (+8)|240|5|0|12|0|100|0|201|85|0|0|167|0|0|0|0|0|0|0|0|0|0|0|0|0|0|0|0|0|0|0|0|0|0|4|97|0|126|19938
191110000|Priest Impact  (+0)|41|0|0|0|74|119|10|0|113|0|0|176|0|0|0|0|0|0|0|0|0|0|0|0|0|0|0|0|0|0|0|0|0|0|3|99|0|60|10000
191110100|Priest Impact  (+0)|41|0|0|0|104|119|10|0|121|0|0|192|0|0|0|0|15|0|0|0|0|0|0|0|0|0|0|0|0|0|0|0|0|0|3|115|0|60|19000
191110200|Priest Impact  (+0)|41|0|0|0|104|119|10|0|121|0|0|192|0|0|0|0|0|0|0|0|0|0|0|0|0|0|0|0|0|0|0|0|0|0|3|115|0|60|19000
191111000|Priest Impact  (+0)|41|0|0|0|74|119|10|0|113|0|0|176|0|0|0|0|0|0|0|0|0|0|0|0|0|0|0|0|0|0|0|0|0|0|4|99|0|60|10000
191110003|Priest Impact  (+3)|41|0|0|0|82|119|10|0|115|0|0|180|0|0|0|0|0|0|0|0|0|0|0|0|0|0|0|0|0|0|0|0|0|0|3|103|0|60|12000
191110103|Priest Impact  (+3)|41|0|0|0|80|119|10|0|115|0|0|180|0|0|0|0|0|0|0|0|4|0|0|0|0|0|0|0|0|0|0|0|0|0|3|103|0|60|12000
191110203|Priest Impact  (+3)|41|0|0|0|80|119|10|0|115|0|0|180|0|0|0|0|0|0|0|0|0|0|0|0|0|0|0|0|0|0|0|0|0|0|3|103|0|60|12000
191111003|Priest Impact  (+3)|41|0|0|0|104|119|10|0|109|0|0|188|0|0|0|0|0|0|0|0|0|0|0|0|0|0|0|0|0|0|0|0|0|0|4|103|0|60|16000
191110007|Priest Impact  (+7)|41|0|0|0|100|119|10|0|119|0|0|188|0|0|0|0|0|0|0|0|0|0|0|0|0|0|0|0|0|0|0|0|0|0|3|111|0|60|16000
191110107|Priest Impact  (+7)|41|0|0|0|96|119|10|0|119|0|0|188|0|0|0|0|0|0|0|0|16|0|0|0|0|0|0|0|0|0|0|0|0|0|3|111|0|60|16000
191110207|Priest Impact  (+7)|41|0|0|0|96|119|10|0|119|0|0|188|0|0|0|0|0|0|0|0|0|0|0|0|0|0|0|0|0|0|0|0|0|0|3|111|0|60|16000
191111007|Priest Impact  (+7)|41|0|0|0|113|119|10|0|111|0|0|190|0|0|0|0|0|0|0|0|0|0|0|0|0|0|0|0|0|0|0|0|0|0|4|111|0|60|17000
191110008|Priest Impact  (+8)|41|0|0|0|109|119|10|0|120|0|0|190|0|0|0|0|0|0|0|0|0|0|0|0|0|0|0|0|0|0|0|0|0|0|3|113|0|60|17000
191110108|Priest Impact  (+8)|41|0|0|0|100|119|10|0|120|0|0|190|0|0|0|0|0|0|0|0|19|0|0|0|0|0|0|0|0|0|0|0|0|0|3|113|0|60|17000
191110208|Priest Impact  (+8)|41|0|0|0|100|119|10|0|120|0|0|190|0|0|0|0|0|0|0|0|0|0|0|0|0|0|0|0|0|0|0|0|0|0|3|113|0|60|17000
191111008|Priest Impact  (+8)|41|0|0|0|115|119|10|0|111|0|0|190|0|0|0|0|0|0|0|0|0|0|0|0|0|0|0|0|0|0|0|0|0|0|4|113|0|60|17000
156210000|Raptor (+0)|52|3|0|0|137|164|20|0|200|0|0|0|0|0|0|0|0|0|0|0|0|0|0|0|0|0|0|0|0|0|0|0|0|0|3|99|0|150|8000
156210100|Raptor (+0)|52|3|0|0|182|164|20|0|232|0|0|0|0|0|0|0|15|0|0|0|0|0|0|0|0|0|0|0|0|0|0|0|0|0|3|115|0|150|17000
156210200|Raptor (+0)|52|3|0|0|182|164|20|0|232|0|0|0|0|0|0|0|0|0|0|0|0|0|0|0|0|0|0|0|0|0|0|0|0|0|3|115|0|150|17000
156211000|Raptor (+0)|52|3|0|0|137|164|20|0|200|0|0|0|0|0|0|0|0|0|0|0|0|0|0|0|0|0|0|0|0|0|0|0|0|0|4|99|0|150|8000
156210003|Raptor (+3)|52|3|0|0|149|164|20|0|208|0|0|0|0|0|0|0|0|0|0|0|0|0|0|0|0|0|0|0|0|0|0|0|0|0|3|103|0|150|10000
156210103|Raptor (+3)|52|3|0|0|146|164|20|0|208|0|0|0|0|0|0|0|0|0|0|0|4|0|0|0|0|0|0|0|0|0|0|0|0|0|3|103|0|150|10000
156210203|Raptor (+3)|52|3|0|0|146|164|20|0|208|0|0|0|0|0|0|0|0|0|0|0|0|0|0|0|0|0|0|0|0|0|0|0|0|0|3|103|0|150|10000
156211003|Raptor (+3)|52|3|0|0|181|164|20|0|192|0|0|0|0|0|0|0|0|0|0|0|0|0|0|0|0|0|0|0|0|0|0|0|0|0|4|103|0|150|14000
156210007|Raptor (+7)|52|3|0|0|175|164|20|0|224|0|0|0|0|0|0|0|0|0|0|0|0|0|0|0|0|0|0|0|0|0|0|0|0|0|3|111|0|150|14000
156210107|Raptor (+7)|52|3|0|0|170|164|20|0|224|0|0|0|0|0|0|0|0|0|0|0|16|0|0|0|0|0|0|0|0|0|0|0|0|0|3|111|0|150|14000
156210207|Raptor (+7)|52|3|0|0|170|164|20|0|224|0|0|0|0|0|0|0|0|0|0|0|0|0|0|0|0|0|0|0|0|0|0|0|0|0|3|111|0|150|14000
156211007|Raptor (+7)|52|3|0|0|193|164|20|0|196|0|0|0|0|0|0|0|0|0|0|0|0|0|0|0|0|0|0|0|0|0|0|0|0|0|4|111|0|150|15000
156210008|Raptor (+8)|52|3|0|0|187|164|20|0|228|0|0|0|0|0|0|0|0|0|0|0|0|0|0|0|0|0|0|0|0|0|0|0|0|0|3|113|0|150|15000
156210108|Raptor (+8)|52|3|0|0|176|164|20|0|228|0|0|0|0|0|0|0|0|0|0|0|19|0|0|0|0|0|0|0|0|0|0|0|0|0|3|113|0|150|15000
156210208|Raptor (+8)|52|3|0|0|176|164|20|0|228|0|0|0|0|0|0|0|0|0|0|0|0|0|0|0|0|0|0|0|0|0|0|0|0|0|3|113|0|150|15000
156211008|Raptor (+8)|52|3|0|0|196|164|20|0|196|0|0|0|0|0|0|0|0|0|0|0|0|0|0|0|0|0|0|0|0|0|0|0|0|0|4|113|0|150|15000
330110303|Ring of Courage(+3)|93|12|0|0|0|100|0|45|0|0|0|0|0|17|17|0|0|0|125|0|30|0|0|0|0|40|0|0|0|0|0|0|0|0|8|99|0|0|1
330110307|Ring of Courage(+7)|93|12|0|0|0|100|0|30|0|0|0|0|0|7|7|0|0|0|50|0|20|0|0|0|0|30|0|0|0|0|0|0|0|0|8|99|0|0|1
330110308|Ring of Courage(+8)|93|12|0|0|0|100|0|30|0|0|0|0|0|7|7|0|0|0|50|0|20|0|0|0|0|30|0|0|0|0|0|0|0|0|8|99|0|0|1
170211300|Scorpion Shield(+30)|60|2|0|0|0|100|20|203|71|0|0|0|0|27|27|28|0|0|298|298|84|69|69|69|84|69|0|0|0|0|0|0|0|0|4|99|0|70|14000
310310403|Warrior Earring(+3)|91|10|0|0|0|100|0|21|0|0|0|0|0|12|0|0|0|0|160|0|20|20|20|0|30|0|0|0|0|0|0|0|0|0|8|99|0|0|1
310310407|Warrior Earring(+7)|91|10|0|0|0|100|0|15|0|0|0|0|0|5|0|0|0|0|80|0|10|10|10|0|30|0|0|0|0|0|0|0|0|0|8|99|0|0|1
310310408|Warrior Earring(+8)|91|10|0|0|0|100|0|15|0|0|0|0|0|5|0|0|0|0|80|0|10|10|10|0|30|0|0|0|0|0|0|0|0|0|8|99|0|0|1
320110303|Warrior Pendant(+3)|92|11|0|0|0|100|0|35|0|0|0|0|0|12|12|12|0|0|250|375|40|20|20|0|0|0|0|0|0|0|0|0|0|0|0|104|0|0|1
320110307|Warrior Pendant(+7)|92|11|0|0|0|100|0|20|0|0|0|0|0|5|5|5|0|0|100|150|30|10|10|0|0|0|0|0|0|0|0|0|0|0|0|104|0|0|1
320110308|Warrior Pendant(+8)|92|11|0|0|0|100|0|20|0|0|0|0|0|5|5|5|0|0|100|150|30|10|10|0|0|0|0|0|0|0|0|0|0|0|0|104|0|0|1
